1	4626776	4637941	4	gain
1	5140366	5144832	17	gain
1	5586966	5633859	0	loss
1	7951713	7958412	6	gain
1	8463070	8476468	0	loss
1	8775690	8802486	1	loss
1	24650087	24656786	235	gain
1	26724544	26729010	10	gain
1	29743560	29750259	5	gain
1	31304427	31313359	5	gain
1	49673085	49686483	0	loss
1	61708955	61715654	5	gain
1	66056606	66065538	4	gain
1	67789414	67798346	5	gain
1	68307470	68314169	5	gain
1	84099246	84105945	5	gain
1	84932155	84992446	7	gain
1	84999145	85025941	5	gain
1	85025941	85043805	3	gain
1	85043805	85115261	9	gain
1	85115261	85126426	4	gain
1	85126426	85130892	1	loss
1	85130892	85195649	8	gain
1	85209047	85238076	6	gain
1	85238076	85276037	3	gain
1	85276037	85316231	5	gain
1	85316231	85581958	9	gain
1	87971268	87977967	7	gain
1	88138743	88239228	12	gain
1	89143593	89150292	5	gain
1	92417171	92435035	4	gain
1	93794932	93911048	1	loss
1	102939067	102959164	0	loss
1	104144887	104151586	4	gain
1	110098065	110106997	8	gain
1	116924346	116944443	0	loss
1	118101137	118145797	0	loss
1	120921416	120928115	4	gain
1	121129085	121138017	5	gain
1	143840928	143847627	5	gain
1	144334421	144338887	5	gain
1	149928086	149974979	3	gain
1	149974979	149981678	6	gain
1	153279819	153299916	5	gain
1	157703392	157710091	4	gain
1	160249012	160255711	4	gain
1	167028400	167032866	7	gain
1	170891490	170913820	8	gain
1	171333624	171347022	6	gain
1	171347022	171351488	1	loss
1	171351488	171409546	12	gain
1	173347790	173414780	0	loss
1	173475071	173513032	0	loss
1	173584488	173738565	0	loss
1	176110011	176116710	5	gain
1	176369039	176380204	4	gain
1	177684276	177840586	3	gain
1	192147417	192151883	5	gain
10	3197656	3202122	8	gain
10	4861241	4865707	5	gain
10	5341336	5345802	5	gain
10	6605214	6609680	5	gain
10	7404628	7406861	6	gain
10	10459372	10466071	5	gain
10	11461989	11511115	1	loss
10	15510418	15517117	4	gain
10	19145742	19150208	5	gain
10	19855836	19860302	5	gain
10	20653017	20697677	0	loss
10	21903497	22033011	1	loss
10	22033011	22037477	4	gain
10	22037477	22046409	0	loss
10	22057574	22077671	4	gain
10	22131263	22146894	0	loss
10	22325534	22336699	4	gain
10	23346015	23383976	3	gain
10	26472215	26557069	3	gain
10	28781137	28816865	3	gain
10	29495697	29502396	4	gain
10	30931516	30935982	5	gain
10	32376267	32380733	5	gain
10	32691120	32693353	37	gain
10	33378884	33385583	4	gain
10	33698203	33702669	5	gain
10	35227808	35232274	5	gain
10	35288099	35332759	1	loss
10	35553826	35560525	5	gain
10	38644298	38650997	4	gain
10	38811773	38816239	5	gain
10	38827404	38831870	5	gain
10	42252826	42257292	6	gain
10	43134861	43139327	5	gain
10	43684179	43688645	6	gain
10	45394657	45399123	5	gain
10	45564365	45568831	5	gain
10	45716209	45720675	5	gain
10	46457565	46464264	5	gain
10	46788049	46794748	5	gain
10	47315037	47319503	5	gain
10	47540570	47545036	5	gain
10	48107752	48114451	4	gain
10	50153180	50166578	4	gain
10	50910167	50916866	4	gain
10	51374631	51390262	0	loss
10	52404044	52406277	10	gain
10	55773641	55787039	4	gain
10	55907621	55912087	5	gain
10	56014805	56021504	4	gain
10	56124222	56130921	5	gain
10	57015189	57021888	4	gain
10	57555575	57560041	5	gain
10	57986544	58075864	3	gain
10	58596153	58607318	4	gain
10	58864113	58868579	5	gain
10	81524597	81843916	1	loss
10	81913139	81931003	0	loss
10	82219060	82230225	3	gain
10	82417797	82431195	0	loss
10	99169763	99180928	3	gain
10	100161215	100217040	4	gain
10	103972946	104031004	1	loss
10	118047545	118190457	1	loss
10	121537724	121548889	5	gain
10	128826236	128844100	5	gain
11	0	3132899	11	gain
11	3132899	3150763	129	gain
11	6091624	6098323	5	gain
11	8101324	8105790	5	gain
11	9693453	9700152	3	gain
11	10479469	10486168	4	gain
11	10993059	10999758	5	gain
11	11093544	11095777	6	gain
11	11562474	11566940	5	gain
11	12323927	12326160	8	gain
11	13766445	13770911	4	gain
11	17529050	17533516	4	gain
11	18029242	18033708	5	gain
11	18574094	18591958	4	gain
11	20313601	20315834	7	gain
11	24826494	24830960	5	gain
11	25507559	25512025	5	gain
11	27331920	27336386	6	gain
11	27796384	27870073	1	loss
11	28479682	28756574	3	gain
11	31545591	31550057	5	gain
11	33963930	33968396	5	gain
11	34508782	34522180	5	gain
11	34522180	34564607	1	loss
11	34564607	34571306	7	gain
11	38793909	38800608	4	gain
11	40729920	40736619	4	gain
11	41522635	41524868	11	gain
11	43195152	43199618	5	gain
11	45501841	45504074	7	gain
11	45899315	45906014	4	gain
11	46488827	46495526	4	gain
11	47319503	47326202	5	gain
11	48357848	48366780	5	gain
11	48840176	48956292	1	loss
11	49795900	49802599	4	gain
11	50907934	50914633	4	gain
11	51327738	51332204	5	gain
11	56068397	56072863	5	gain
11	56624414	56628880	5	gain
11	58359455	58366154	4	gain
11	58404115	58526930	3	gain
11	60469640	60476339	0	loss
11	60476339	60483038	3	gain
11	60483038	60518766	1	loss
11	60518766	60532164	3	gain
11	60532164	60570125	1	loss
11	62843319	62845552	7	gain
11	62858950	62865649	5	gain
11	62972833	62975066	6	gain
11	66596992	66603691	3	gain
11	70973672	71062992	3	gain
11	71268428	71272894	4	gain
11	73488030	73510360	4	gain
11	74111037	74117736	5	gain
11	74193658	74204823	4	gain
11	81321394	81328093	6	gain
11	82853232	82855465	6	gain
11	82886727	82915756	1	loss
11	83016241	83063134	1	loss
11	86068752	86075451	5	gain
11	86702924	86707390	5	gain
11	88779614	88788546	5	gain
11	88971652	88973885	6	gain
11	89445048	89451747	5	gain
11	89795629	89802328	3	gain
11	90469995	90476694	4	gain
11	91334166	91338632	5	gain
11	91988435	91997367	4	gain
11	92486394	92493093	4	gain
11	94685899	94701530	1	loss
11	99585101	99625295	4	gain
11	99714615	99723547	4	gain
11	99763741	99779372	4	gain
11	104540128	104544594	4	gain
11	105955850	105958083	8	gain
11	107999045	108003511	6	gain
11	108901177	108903410	34	gain
11	109910493	109914959	5	gain
11	111071653	111080585	4	gain
11	113802612	113809311	7	gain
11	115644837	115653769	5	gain
11	118036380	118038613	7	gain
11	118275311	118277544	7	gain
11	121772189	121774422	7	gain
12	3159695	3161928	10213	gain
12	17171770	17178469	6	gain
12	18268173	18888947	5	gain
12	18888947	19034092	4	gain
12	19125645	19364576	4	gain
12	19712924	19721856	6	gain
12	19721856	20284572	3	gain
12	20284572	20367193	4	gain
12	20367193	20550299	3	gain
12	21619906	21646702	4	gain
12	21724857	22066506	1	loss
12	22066506	22077671	3	gain
12	22077671	22582329	0	loss
12	22582329	22892716	1	loss
12	22892716	23511257	0	loss
12	23511257	23515723	5	gain
12	23515723	23806013	1	loss
12	23806013	23855139	3	gain
12	23855139	24406690	1	loss
12	55137236	55322575	1	loss
12	58774793	58790424	0	loss
12	67103883	67108349	100	gain
12	82049352	82111876	1	loss
12	87564862	87819424	1	loss
12	87913210	87942239	0	loss
12	87942239	87946705	4	gain
12	87946705	87989132	0	loss
12	88009229	88221364	1	loss
12	92792315	92906198	3	gain
12	97026083	97030549	9	gain
12	100668106	100726164	3	gain
12	101134803	101371501	1	loss
12	103700520	103798772	0	loss
12	103798772	103926053	1	loss
12	113248828	113266692	4	gain
12	113556982	113588244	4	gain
12	113588244	113746787	3	gain
12	113883000	113956689	1	loss
12	113956689	114012514	3	gain
12	114349697	114445716	4	gain
12	114445716	114510473	5	gain
12	114510473	114617657	4	gain
12	114673482	114718142	6	gain
12	114718142	114780666	4	gain
12	114780666	114807462	10	gain
12	114954840	115026296	0	loss
12	115026296	115032995	4	gain
12	115032995	115124548	1	loss
12	115124548	115137946	5	gain
12	115137946	115142412	1	loss
12	115142412	115213868	4	gain
12	115213868	115269693	1	loss
12	115528721	115555517	4	gain
12	115555517	115589012	6	gain
12	115589012	115736390	0	loss
12	115736390	115796681	3	gain
12	115886001	115928428	4	gain
13	12790624	12888876	4	gain
13	19116713	19123412	11	gain
13	23078055	23167375	1	loss
13	27327454	27343085	4	gain
13	33465971	33599951	1	loss
13	49912016	49918715	5	gain
13	50342985	50434538	3	gain
13	58323727	58325960	54	gain
13	61809440	61876430	0	loss
13	62010410	62224778	1	loss
13	62240409	62278370	6	gain
13	62278370	62336428	4	gain
13	62535165	62684776	3	gain
13	62861183	62870115	6	gain
13	65464861	65612239	3	gain
13	65612239	65692627	6	gain
13	65752918	65781947	6	gain
13	65790879	65918160	6	gain
13	65940490	65960587	6	gain
13	65960587	66072237	3	gain
13	66072237	66154858	5	gain
13	66154858	66163790	3	gain
13	66163790	66199518	6	gain
13	66250877	66282139	5	gain
13	66282139	66308935	3	gain
13	66308935	66335731	6	gain
13	66335731	66371459	3	gain
13	66371459	66384857	5	gain
13	66384857	66389323	1	loss
13	66389323	66398255	6	gain
13	66398255	66416119	1	loss
13	66416119	66451847	5	gain
13	66579128	66626021	6	gain
13	66626021	66641652	3	gain
13	66764467	66876117	7	gain
13	66876117	66936408	3	gain
13	66936408	66949806	7	gain
13	66949806	66967670	1	loss
13	66967670	67010097	3	gain
13	68035044	68041743	5	gain
13	68148927	68231548	4	gain
13	68231548	68519605	1	loss
13	68519605	68635721	3	gain
13	68635721	68702711	0	loss
13	85104096	85110795	7	gain
13	85805258	85843219	0	loss
13	100382282	100496165	1	loss
13	106746332	106806623	0	loss
13	120485981	120499379	12	gain
14	3456684	3463383	6	gain
14	15048187	15267021	1	loss
14	15267021	15280419	3	gain
14	15280419	15965950	1	loss
14	15965950	15988280	5	gain
14	15988280	16030707	3	gain
14	16030707	16260706	1	loss
14	16260706	16271871	3	gain
14	16271871	16550996	1	loss
14	16550996	16555462	4	gain
14	16555462	17636234	1	loss
14	17636234	17669729	4	gain
14	17669729	18058271	1	loss
14	18058271	18105164	4	gain
14	18176620	18201183	7	gain
14	18201183	18424483	1	loss
14	18591958	19585643	1	loss
14	41178753	41252442	4	gain
14	41252442	41339529	3	gain
14	41339529	41393121	4	gain
14	41393121	41763799	3	gain
14	41763799	41806226	4	gain
14	41806226	41991565	1	loss
14	41991565	42040691	3	gain
14	42040691	42205933	1	loss
14	42205933	42217098	4	gain
14	42217098	42527485	1	loss
14	42527485	42958454	3	gain
14	42958454	43101366	1	loss
14	43170589	43221948	3	gain
14	43221948	43762334	1	loss
14	43762334	43780198	4	gain
14	43806994	43818159	6	gain
14	43956605	44025828	0	loss
14	44063789	44322817	1	loss
14	44360778	44952523	0	loss
14	47844258	47848724	6	gain
14	51477349	51499679	4	gain
14	51827930	51834629	6	gain
14	51834629	51946279	3	gain
14	52006570	52040065	3	gain
14	52948896	52962294	4	gain
14	53178895	53250351	3	gain
14	53491515	53690252	3	gain
14	53690252	53808601	4	gain
14	53808601	53839863	6	gain
14	53839863	53851028	3	gain
14	53851028	53873358	6	gain
14	53873358	53991707	3	gain
14	56157717	56204610	4	gain
14	69488727	69926395	1	loss
14	90530286	90539218	8	gain
14	93448817	93453283	6	gain
14	100487233	100491699	8	gain
15	3836294	3854158	1	loss
15	4441437	4443670	9	gain
15	9083844	9086077	24	gain
15	9220057	9222290	7	gain
15	13112176	13116642	4	gain
15	19520886	19578944	1	loss
15	19666031	19668264	6	gain
15	21861070	21881167	1	loss
15	30746177	30748410	5	gain
15	33829950	33838882	12	gain
15	33948299	33959464	0	loss
15	36134406	36136639	6	gain
15	46410672	46424070	0	loss
15	49188524	49190757	7	gain
15	56845481	56861112	1	loss
15	58310329	58312562	8	gain
15	63696325	63700791	4	gain
15	63761082	63785645	1	loss
15	71047361	71058526	4	gain
15	74236085	74238318	6	gain
15	74957344	74959577	58	gain
15	75173945	75223071	4	gain
15	77315392	77331023	3	gain
15	77331023	77373450	1	loss
15	77507430	77567721	3	gain
15	79753828	79758294	6	gain
15	85061669	85063902	5	gain
15	91010381	91021546	0	loss
15	103541977	103658093	1	loss
15	103658093	103667025	4	gain
15	103667025	103704986	0	loss
16	3307073	3316005	3	gain
16	3362898	3367364	6	gain
16	5039881	5046580	4	gain
16	6576185	6580651	0	loss
16	10792089	10794322	76	gain
16	10961797	10964030	5	gain
16	12917905	12924604	4	gain
16	12993827	13000526	4	gain
16	14501102	14503335	5	gain
16	14748965	14753431	0	loss
16	15898960	15905659	0	loss
16	16216046	16222745	0	loss
16	17040023	17042256	9	gain
16	18915743	18926908	4	gain
16	18964869	19034092	4	gain
16	19056422	19083218	4	gain
16	19947389	19956321	0	loss
16	20923210	20927676	4	gain
16	22647086	22651552	0	loss
16	26315905	26318138	8	gain
16	35801689	35803922	5	gain
16	36062950	36116542	1	loss
16	36116542	36121008	3	gain
16	36121008	36141105	1	loss
16	36217027	36239357	3	gain
16	36239357	36254988	4	gain
16	43588160	43592626	5	gain
16	44617573	44635437	3	gain
16	44668932	44686796	0	loss
16	44881067	44889999	1	loss
16	46468730	46470963	14	gain
16	46533487	46542419	1	loss
16	47641055	47654453	0	loss
16	47904549	47924646	1	loss
16	48701730	48710662	0	loss
16	50814148	50816381	5	gain
16	56809753	56829850	1	loss
16	57209460	57213926	18	gain
16	59170034	59181199	3	gain
16	59181199	59185665	5	gain
16	63653898	63656131	9	gain
16	71581048	71589980	4	gain
16	74571035	74575501	7	gain
16	76357435	76359668	9	gain
16	76917918	76920151	6	gain
16	77523061	77549857	0	loss
16	79794022	79807420	0	loss
16	81875178	81897508	1	loss
16	82004692	82009158	4	gain
16	83197114	83199347	5	gain
16	86615837	86618070	9	gain
16	86702924	86714089	0	loss
16	90139511	90146210	4	gain
16	91329700	91331933	11	gain
16	93482312	93484545	17	gain
16	94612210	94614443	6	gain
16	97769672	97776371	4	gain
17	6308225	6902203	1	loss
17	7183561	7194726	4	gain
17	13141205	13161302	0	loss
17	15182167	15275953	3	gain
17	17214197	17229828	7	gain
17	17229828	17238760	3	gain
17	17238760	17332546	8	gain
17	17343711	17386138	8	gain
17	17386138	17419633	3	gain
17	17419633	17448662	5	gain
17	18337396	18388755	1	loss
17	19168072	19621371	0	loss
17	22412621	22459514	4	gain
17	22466213	22501941	6	gain
17	22749804	22792231	5	gain
17	22792231	22868153	6	gain
17	22874852	22883784	7	gain
17	23147278	23372811	0	loss
17	23509024	23513490	5	gain
17	23546985	23551451	6	gain
17	23649703	23654169	6	gain
17	23654169	23730091	3	gain
17	23730091	23739023	6	gain
17	24098536	24143196	0	loss
17	25876004	25880470	5	gain
17	31429475	31550057	4	gain
17	33387816	33421311	4	gain
17	34214026	34222958	4	gain
17	34437326	34441792	14	gain
17	34982178	34986644	6	gain
17	35464506	35504700	5	gain
17	35504700	35533729	3	gain
17	35533729	35569457	1	loss
17	35602952	35774893	1	loss
17	36386735	36496152	1	loss
17	36540812	36547511	4	gain
17	37058868	37074499	0	loss
17	37985563	38012359	4	gain
17	38793909	38831870	4	gain
17	38831870	38847501	6	gain
17	38847501	38854200	3	gain
17	38854200	38936821	5	gain
17	40153806	40160505	163	gain
17	40240893	40450795	0	loss
17	40450795	40573610	1	loss
17	40573610	40640600	4	gain
17	64051372	64055838	5	gain
17	69249796	69256495	5	gain
17	75068994	75073460	7	gain
17	81464306	81471005	4	gain
18	0	3112802	3	gain
18	3112802	3121734	9	gain
18	3121734	3148530	3	gain
18	3472315	3479014	3	gain
18	4193574	4195807	4	gain
18	4195807	4198040	21	gain
18	4198040	4200273	5	gain
18	4222603	4227069	5	gain
18	4914833	4917066	8	gain
18	6542690	6553855	1	loss
18	6862009	6868708	4	gain
18	6868708	6873174	1	loss
18	7806568	7815500	3	gain
18	9592968	9597434	4	gain
18	12962565	12964798	15	gain
18	18871083	18888947	1	loss
18	19572245	19581177	1	loss
18	20749036	20753502	5	gain
18	20753502	20760201	7	gain
18	20760201	20762434	4	gain
18	21072821	21081753	1	loss
18	21115248	21119714	3	gain
18	22376893	22381359	3	gain
18	24165526	24169992	4	gain
18	27133183	27137649	6	gain
18	28470750	28481915	1	loss
18	32892090	32896556	4	gain
18	32907721	32925585	1	loss
18	33148885	33162283	1	loss
18	36607802	36614501	3	gain
18	37114693	37121392	3	gain
18	37554594	37567992	3	gain
18	42690494	42692727	4	gain
18	44025828	44034760	1	loss
18	44425535	44430001	3	gain
18	45149027	45157959	1	loss
18	45338832	45354463	1	loss
18	45876985	45881451	1	loss
18	46881835	46884068	5	gain
18	47201154	47203387	5	gain
18	47522706	47524939	5	gain
18	47911248	47917947	1	loss
18	48840176	48846875	3	gain
18	49280077	49286776	0	loss
18	51097739	51137933	1	loss
18	51316573	51332204	1	loss
18	56070630	56072863	5	gain
18	56081795	56086261	3	gain
18	59603236	59609935	1	loss
18	60436145	60440611	0	loss
18	60456242	60480805	0	loss
18	60498669	60512067	4	gain
18	60536630	60545562	1	loss
18	60574591	60587989	3	gain
18	62407884	62410117	5	gain
18	66257576	66270974	1	loss
18	66885049	66887282	5	gain
18	67012330	67021262	3	gain
18	67211067	67215533	3	gain
18	68209218	68211451	4	gain
18	68546401	68548634	10	gain
18	68548634	68553100	3	gain
18	70832993	70839692	0	loss
18	70975905	70980371	3	gain
18	72923081	72927547	0	loss
18	73421040	73423273	5	gain
18	73664437	73666670	11	gain
18	76399862	76404328	3	gain
18	76495881	76498114	6	gain
18	77806652	77815584	1	loss
18	78179563	78181796	4	gain
18	82203429	82241390	0	loss
18	83190415	83197114	3	gain
18	83228376	83232842	0	loss
18	83719636	83721869	5	gain
18	85057203	85070601	1	loss
18	85121960	85133125	1	loss
18	85715938	85718171	6	gain
18	86084383	86091082	1	loss
18	87794861	87848453	1	loss
18	87944472	87982433	1	loss
18	88359810	88366509	1	loss
18	88886798	88889031	4	gain
18	89683979	89692911	0	loss
18	89878250	89884949	0	loss
18	89940774	89947473	1	loss
18	90429801	90443199	0	loss
18	90447665	90458830	1	loss
18	90557082	90561548	4	gain
19	0	3161928	3	gain
19	3161928	3168627	4	gain
19	3168627	3199889	3	gain
19	4086390	4090856	5	gain
19	5837062	5839295	8	gain
19	7699384	7721714	0	loss
19	8027635	8032101	4	gain
19	8221906	8228605	1	loss
19	8228605	8230838	8	gain
19	8271032	8300061	0	loss
19	9150834	9367435	0	loss
19	9367435	9394231	1	loss
19	9499182	9523745	1	loss
19	9559473	9579570	1	loss
19	9664424	9668890	7	gain
19	11401698	11435193	0	loss
19	12145287	12151986	1	loss
19	13116642	13121108	5	gain
19	13922755	13929454	0	loss
19	15820805	15823038	5	gain
19	23332617	23334850	8	gain
19	24889018	24897950	0	loss
19	27262697	27264930	5	gain
19	29667638	29672104	5	gain
19	33436942	33666941	1	loss
19	34285482	34327909	4	gain
19	34562374	34578005	3	gain
19	39104296	39173519	0	loss
19	39370023	39376722	4	gain
19	39586624	39595556	4	gain
19	39622352	39664779	3	gain
19	39664779	39749633	1	loss
19	40495455	40497688	5	gain
19	41446713	41460111	3	gain
19	45169124	45180289	4	gain
19	48080956	48083189	6	gain
19	52768023	52821615	1	loss
19	53031517	53033750	5	gain
19	58100427	58102660	87	gain
2	22477378	22481844	166	gain
2	39249441	39258373	5	gain
2	69904065	69908531	6	gain
2	77699468	77855778	3	gain
2	89036409	89076603	0	loss
2	89996599	90217666	1	loss
2	90217666	90257860	3	gain
2	98490931	98499863	9513	gain
2	100281797	100607815	1	loss
2	107422931	107431863	5	gain
2	148793722	148912071	1	loss
2	150544394	150548860	6	gain
2	151013324	151026722	4	gain
2	151236624	151279051	3	gain
2	167251700	167256166	6	gain
2	174803706	174810405	7	gain
2	174810405	174942152	3	gain
2	174975647	175022540	4	gain
2	175129724	175574091	0	loss
2	175674576	176733018	1	loss
2	176759814	176773212	4	gain
2	176916124	176925056	6	gain
2	176925056	176983114	4	gain
2	177005444	177016609	6	gain
2	177016609	177157288	3	gain
2	177157288	177235443	9	gain
2	177235443	177260006	5	gain
2	177260006	177382821	3	gain
2	177382821	177445345	4	gain
2	177445345	177483306	3	gain
2	177483306	177516801	1	loss
3	0	3081540	10	gain
3	3081540	3086006	3	gain
3	3086006	3099404	6	gain
3	4762989	4780853	0	loss
3	5924149	5926382	29	gain
3	8308993	8311226	8	gain
3	9925685	9927918	6	gain
3	15389836	15407700	3	gain
3	15407700	15450127	1	loss
3	15450127	15539447	0	loss
3	15539447	15706922	3	gain
3	15706922	15831970	1	loss
3	15831970	15919057	3	gain
3	16678277	16689442	0	loss
3	20175155	20177388	22	gain
3	22294272	22352330	1	loss
3	31590251	31617047	0	loss
3	34899557	34908489	4	gain
3	54757626	54762092	6	gain
3	56481502	56483735	64	gain
3	61474490	61485655	0	loss
3	64419817	64564962	0	loss
3	64730204	64768165	0	loss
3	68640187	68646886	4	gain
3	74166862	74180260	0	loss
3	77502964	77509663	6	gain
3	86877098	86881564	5	gain
3	91075138	91316302	0	loss
3	92091153	92095619	5	gain
3	93609593	93660952	1	loss
3	93660952	93734641	4	gain
3	93734641	93790466	3	gain
3	93993669	94082989	1	loss
3	94123183	94141047	4	gain
3	95949777	95954243	7	gain
3	97316373	97325305	5	gain
3	98301126	98490931	1	loss
3	98490931	98517727	0	loss
3	99886556	99888789	9	gain
3	105154203	105158669	5	gain
3	106029539	106174684	5	gain
3	106179150	106217111	7	gain
3	106270703	106281868	5	gain
3	113179605	113318051	1	loss
3	113501157	113516788	0	loss
3	117172209	117181141	4	gain
3	123469269	123473735	14	gain
3	133506604	133513303	6	gain
3	133513303	133535633	0	loss
3	139825994	139832693	5	gain
3	142277828	142326954	3	gain
3	144508595	144510828	18	gain
4	3159695	3264646	4	gain
4	41783896	41855352	3	gain
4	42835639	42866901	0	loss
4	49347067	49389494	4	gain
4	60056535	60125758	4	gain
4	60125758	60315563	1	loss
4	60315563	60449543	3	gain
4	60777794	61130608	4	gain
4	61371772	61443228	3	gain
4	61443228	61456626	7	gain
4	61456626	61470024	3	gain
4	61470024	61499053	8	gain
4	61499053	61615169	3	gain
4	61615169	61637499	6	gain
4	61637499	61700023	3	gain
4	61876430	61952352	0	loss
4	70294840	70297073	61	gain
4	88672430	88726022	5	gain
4	111917960	112456113	0	loss
4	112645918	113090285	1	loss
4	113090285	113237663	0	loss
4	113237663	113512322	1	loss
4	113512322	113690962	3	gain
4	113690962	113726690	1	loss
4	113726690	113804845	4	gain
4	113851738	113867369	4	gain
4	113867369	114001349	1	loss
4	114001349	114063873	4	gain
4	114063873	114155426	1	loss
4	114155426	114168824	4	gain
4	115158043	115193771	4	gain
4	115269693	115316586	0	loss
4	121472967	121515394	0	loss
4	121595782	121642675	1	loss
4	121642675	121644908	9	gain
4	121644908	122433157	0	loss
4	143238018	143311707	1	loss
4	143418891	143546172	4	gain
4	143597531	143637725	4	gain
4	143711414	143715880	13	gain
4	143776171	143849860	1	loss
4	145156165	145178495	4	gain
4	145283446	145323640	4	gain
4	145390630	145430824	4	gain
4	146102957	146152083	4	gain
4	146359752	146431208	1	loss
4	146431208	146446839	5	gain
4	146469169	146493732	8	gain
4	146493732	146603149	3	gain
4	146797420	146806352	4	gain
4	146806352	147049749	1	loss
4	147049749	147063147	4	gain
4	147063147	147101108	1	loss
4	147101108	147214991	4	gain
4	147474019	147516446	4	gain
4	147601300	147614698	7	gain
4	147645960	147701785	4	gain
4	147867027	147925085	4	gain
4	156376990	156421650	3	gain
4	156421650	156423883	46	gain
4	156423883	156508737	1	loss
4	156508737	156517669	6	gain
4	156517669	156589125	1	loss
4	156589125	156604756	3	gain
4	156604756	156860686	1	loss
5	10921603	11319077	0	loss
5	11319077	11531212	1	loss
5	11531212	11750046	0	loss
5	11750046	11899657	1	loss
5	11899657	11928686	3	gain
5	11928686	11968880	5	gain
5	26121634	26327070	8	gain
5	26463283	26476681	6	gain
5	47326202	47357464	0	loss
5	57274217	57330042	0	loss
5	59891293	59929254	0	loss
5	81526830	81531296	7	gain
5	93931145	94522890	1	loss
5	94522890	95413857	0	loss
5	95413857	95802399	1	loss
5	105355173	105406532	0	loss
5	145491115	145517911	4	gain
5	145542474	145549173	6	gain
5	145549173	145560338	0	loss
5	145560338	145627328	6	gain
5	145627328	145692085	3	gain
5	145692085	145703250	8	gain
5	146422276	146495965	1	loss
6	0	3202122	3	gain
6	47100669	47145329	0	loss
6	47623191	47743773	8	gain
6	60023040	60411582	0	loss
6	60411582	60471873	3	gain
6	68354363	68827759	1	loss
6	69086787	69298922	1	loss
6	69499892	69669600	1	loss
6	69669600	69799114	3	gain
6	70058142	70091637	0	loss
6	70091637	70116200	6	gain
6	70116200	70169792	1	loss
6	70169792	70245714	5	gain
6	70245714	70270277	1	loss
6	70270277	70283675	7	gain
6	70283675	70294840	1	loss
6	70294840	70399791	4	gain
6	70399791	70562800	1	loss
6	70562800	70573965	9	gain
6	70573965	70645421	3	gain
6	85693608	85744967	4	gain
6	114474745	114608725	3	gain
6	128817304	128870896	4	gain
6	128870896	128962449	3	gain
6	129960600	130018658	0	loss
6	130018658	130107978	4	gain
6	130163803	130197298	5	gain
6	130534481	130655063	5	gain
6	130655063	130800208	3	gain
6	130800208	130998945	7	gain
6	130998945	131059236	4	gain
6	131472341	131537098	0	loss
6	133180586	133263207	1	loss
6	133263207	133504371	4	gain
7	5660655	5832596	1	loss
7	7625695	7936082	3	gain
7	9168698	9175397	5	gain
7	11176165	11240922	0	loss
7	11743347	11756745	6	gain
7	14501102	14599354	4	gain
7	14664111	14731101	4	gain
7	14842751	15003527	3	gain
7	15003527	15168769	6	gain
7	15224594	15325079	5	gain
7	15430030	15521583	5	gain
7	16957402	17328080	1	loss
7	19817875	22999900	0	loss
7	23435335	23517956	3	gain
7	31219573	31246369	4	gain
7	31246369	31378116	1	loss
7	31378116	31413844	3	gain
7	31413844	31715299	1	loss
7	32036851	32798304	1	loss
7	32798304	32985876	3	gain
7	32985876	33028303	5	gain
7	33028303	33061798	1	loss
7	33061798	33265001	4	gain
7	37867214	37976631	3	gain
7	37976631	38240125	4	gain
7	38508085	38608570	4	gain
7	38608570	38769346	3	gain
7	38769346	38878763	5	gain
7	38878763	39019442	3	gain
7	40729920	40814774	6	gain
7	40814774	40823706	1	loss
7	40823706	40875065	6	gain
7	40875065	40962152	3	gain
7	47201154	47337367	1	loss
7	47337367	47361930	3	gain
7	47361930	47415522	8	gain
7	47415522	47489211	3	gain
7	47489211	47580764	1	loss
7	47580764	47587463	7	gain
7	47625424	47641055	5	gain
7	50588615	50642207	6	gain
7	59071782	59103044	0	loss
7	59103044	59201296	3	gain
7	59359839	59424596	4	gain
7	60154787	60402650	1	loss
7	63723121	63740985	17	gain
7	82915756	82922455	6	gain
7	105480221	105982646	1	loss
7	140062692	140160944	0	loss
7	143186659	143231319	4	gain
8	0	3112802	1	loss
8	14355957	14358190	49	gain
8	19322149	19377974	3	gain
8	19489624	19536517	5	gain
8	19730788	19788846	18	gain
8	19788846	19800011	4	gain
8	19800011	20619522	16	gain
8	20621755	21325150	24	gain
8	21325150	21340781	4	gain
8	21340781	21358645	0	loss
8	21432334	21443499	5	gain
8	21476994	21490392	6	gain
8	21490392	21510489	3	gain
8	21510489	21622139	0	loss
8	21622139	21626605	4	gain
8	21651168	21780682	1	loss
8	21865536	21876701	4	gain
8	21943691	22006215	4	gain
8	22006215	22088836	3	gain
8	22088836	22216117	1	loss
8	27820947	27838811	4	gain
8	55565972	55831699	11	gain
8	55831699	55954514	3	gain
8	55954514	55972378	5	gain
8	55972378	56090727	3	gain
8	61054686	61059152	6	gain
8	69986686	70004550	4	gain
8	71447068	71458233	6	gain
8	72576966	72614927	4	gain
8	119771421	119780353	5	gain
8	124275382	124326741	1	loss
8	124326741	124328974	19	gain
9	3257947	3260180	7	gain
9	3302607	3316005	7	gain
9	3878721	3889886	1	loss
9	4137749	4142215	4	gain
9	6120653	6129585	0	loss
9	7371133	7375599	5	gain
9	7797636	7806568	3	gain
9	8275498	8284430	4	gain
9	10193645	10195878	6	gain
9	11113641	11138204	0	loss
9	15738184	15753815	1	loss
9	18172154	18176620	4	gain
9	18549531	18551764	5	gain
9	19290887	19299819	1	loss
9	19922826	19931758	0	loss
9	22053108	22100001	3	gain
9	22100001	22104467	1	loss
9	22104467	22213884	3	gain
9	24451350	24453583	587	gain
9	30551906	30560838	4	gain
9	32264617	32269083	5	gain
9	32903255	32909954	0	loss
9	33064031	33072963	9	gain
9	34982178	35004508	0	loss
9	35214410	35218876	1622	gain
9	36554210	36567608	1	loss
9	37858282	37873913	0	loss
9	38925656	38936821	4	gain
9	38997112	39003811	0	loss
9	39142257	39148956	4	gain
9	39260606	39271771	0	loss
9	39338761	39381188	0	loss
9	41817391	41821857	6	gain
9	48431537	48433770	5	gain
9	51024050	51026283	5	gain
9	52794819	52821615	1	loss
9	54047532	54051998	0	loss
9	62345360	62349826	5	gain
9	62352059	62354292	6	gain
9	62506136	62512835	4	gain
9	70370762	70375228	4	gain
9	73213371	73222303	0	loss
9	78137136	78192961	1	loss
9	83817888	83822354	5	gain
9	84052353	84056819	0	loss
9	86341178	86343411	5	gain
9	88484858	88560780	3	gain
9	88703692	88714857	4	gain
9	88980584	88998448	1	loss
9	88998448	89020778	3	gain
9	102905572	102907805	7	gain
9	104220809	104240906	1	loss
9	109124477	109204865	1	loss
9	110109230	110111463	8	gain
9	114001349	114010281	7	gain
9	114079504	114081737	12	gain
9	114081737	114112999	3	gain
9	114910180	114914646	7	gain
9	118494145	118570067	3	gain
9	121048697	121068794	0	loss
9	121234036	121242968	7	gain
9	122232187	122236653	4	gain
9	123290629	123292862	18	gain
9	123933733	123940432	0	loss
9	124018587	124020820	9	gain
X	0	3360665	2	gain
X	3360665	3485713	4	gain
X	3579499	3713479	3	gain
X	3713479	3778236	2	gain
X	3778236	3979206	4	gain
X	3979206	4079691	2	gain
X	4079691	4104254	6	gain
X	4104254	4316389	3	gain
X	4432505	4459301	4	gain
X	4646873	4785319	4	gain
X	4785319	4937163	5	gain
X	4937163	5138133	2	gain
X	5220754	5234152	5	gain
X	23980187	24779601	0	loss
X	24779601	25170376	2	gain
X	25170376	26445419	0	loss
X	26923281	27092989	0	loss
X	27092989	27144348	3	gain
X	27144348	29127252	2	gain
X	29127252	29453270	0	loss
X	29453270	29980258	2	gain
X	29980258	30065112	3	gain
X	30065112	30496081	2	gain
X	30496081	30781905	3	gain
X	30781905	30802002	11	gain
X	30808701	30895788	12	gain
X	30895788	31058797	3	gain
X	31324524	31364718	3	gain
X	31619280	31666173	3	gain
X	31784522	31882774	3	gain
X	32360636	32391898	4	gain
X	32391898	32490150	2	gain
X	32490150	32528111	5	gain
X	32724615	33005973	2	gain
X	33005973	33043934	5	gain
X	33043934	33173448	3	gain
X	33173448	33258302	4	gain
X	33258302	33352088	2	gain
X	33352088	33383350	11	gain
X	33383350	33483835	3	gain
X	33483835	33666941	7	gain
X	33666941	33673640	2	gain
X	33673640	33751795	9	gain
X	33751795	34461889	2	gain
X	34461889	34580238	3	gain
X	34580238	34602568	7	gain
X	34602568	34749946	3	gain
X	36699355	36851199	2	gain
X	73814048	74012785	2	gain
X	93917747	94024931	3	gain
X	122028984	122928883	2	gain
X	123127620	124947515	0	loss
X	148396248	148722266	2	gain
X	168765674	169476592	5	gain
Y	0	256795	2	gain
Y	256795	265727	29	gain
Y	265727	355047	2	gain
Y	1467081	1710478	0	loss
Y	2775619	2784551	6	gain
Y	2784551	2873871	2	gain
Y	2873871	2882803	6	gain
Y	2882803	3793867	2	gain
Y	4148914	4151147	12	gain
Y	6692301	6995989	2	gain
Y	10182480	10705002	0	loss
Y	10705002	10709468	4	gain
Y	10709468	11336941	0	loss
Y	14445277	16017309	0	loss
Y	21499324	21662333	2	gain
Y	31288796	31295495	4	gain
Y	33162283	33171215	4	gain
Y	40959919	40982249	3	gain
Y	41076035	41259141	2	gain
Y	42380107	43219715	0	loss
Y	43219715	43221948	6	gain
Y	43873984	43880683	4	gain
Y	55532477	55720049	2	gain
Y	57517614	57716351	2	gain
Y	58857414	58859647	7	gain
Y	69198437	69260961	2	gain
Y	74343269	74548705	2	gain
Y	74738510	74745209	5	gain
Y	76047048	76250251	2	gain
Y	81323627	81488869	2	gain
Y	82917989	83121192	2	gain
Y	83121192	83221677	4	gain
Y	83221677	83480705	2	gain
Y	83916140	84731185	2	gain
Y	87788162	87792628	5	gain
Y	89134661	89143593	8	gain
Y	89143593	89398155	2	gain
Y	90729023	90755819	6	gain
Y	90771450	91455967	5	gain
