1	5586000	5634000	0	loss
1	7950000	7959000	4	gain
1	24648000	24657000	50	gain
1	31305000	31311000	6	gain
1	61710000	61716000	5	gain
1	67791000	67797000	6	gain
1	84933000	84993000	7	gain
1	84999000	85026000	5	gain
1	85026000	85044000	3	gain
1	85044000	85125000	8	gain
1	85125000	85131000	1	loss
1	85131000	85197000	7	gain
1	85197000	85209000	3	gain
1	85209000	85239000	5	gain
1	85239000	85275000	3	gain
1	85275000	85317000	5	gain
1	85317000	85581000	9	gain
1	87972000	87978000	7	gain
1	88137000	88239000	11	gain
1	89145000	89151000	5	gain
1	92418000	92436000	4	gain
1	93795000	93912000	1	loss
1	102939000	102960000	0	loss
1	110097000	110106000	7	gain
1	116925000	116946000	0	loss
1	118101000	118146000	0	loss
1	121131000	121137000	6	gain
1	143841000	143847000	6	gain
1	149928000	149973000	3	gain
1	149973000	149982000	5	gain
1	153279000	153300000	4	gain
1	157704000	157710000	5	gain
1	167025000	167034000	4	gain
1	170892000	170913000	8	gain
1	171333000	171351000	5	gain
1	171351000	171411000	11	gain
1	173346000	173415000	0	loss
1	173475000	173514000	0	loss
1	173583000	173739000	0	loss
1	177684000	177840000	3	gain
10	11460000	11511000	1	loss
10	20652000	20694000	0	loss
10	21900000	22056000	1	loss
10	22056000	22077000	4	gain
10	22131000	22149000	1	loss
10	22326000	22338000	4	gain
10	23346000	23385000	3	gain
10	25812000	25818000	4	gain
10	26472000	26559000	3	gain
10	28782000	28818000	3	gain
10	29496000	29502000	5	gain
10	32691000	32697000	16	gain
10	33450000	33453000	5	gain
10	35289000	35334000	1	loss
10	35553000	35559000	5	gain
10	38808000	38832000	3	gain
10	42252000	42258000	5	gain
10	43683000	43689000	5	gain
10	45393000	45399000	4	gain
10	46458000	46464000	4	gain
10	46788000	46794000	5	gain
10	47541000	47544000	6	gain
10	48108000	48114000	4	gain
10	50154000	50166000	4	gain
10	50910000	50916000	4	gain
10	51375000	51390000	0	loss
10	52404000	52407000	8	gain
10	55773000	55785000	4	gain
10	55908000	55914000	5	gain
10	56124000	56130000	5	gain
10	56163000	56169000	4	gain
10	57015000	57021000	5	gain
10	57555000	57561000	4	gain
10	57987000	58077000	3	gain
10	58596000	58608000	4	gain
10	58863000	58869000	5	gain
10	59697000	59700000	7	gain
10	60279000	60282000	10	gain
10	63609000	63615000	5	gain
10	64038000	64044000	5	gain
10	70629000	70632000	6	gain
10	72132000	72135000	101	gain
10	76356000	76362000	4	gain
10	77787000	77793000	5	gain
10	78639000	78660000	3	gain
10	79131000	79173000	3	gain
10	81525000	81804000	1	loss
10	81804000	81807000	6	gain
10	81807000	81843000	1	loss
10	81915000	81930000	0	loss
10	82224000	82233000	4	gain
10	82422000	82431000	0	loss
10	85692000	85698000	4	gain
10	86070000	86076000	4	gain
10	87930000	87939000	3	gain
10	92745000	92751000	4	gain
10	92889000	92895000	5	gain
10	93213000	93216000	5	gain
10	95913000	95916000	10	gain
10	98175000	98178000	6	gain
10	99174000	99183000	5	gain
10	100065000	100068000	5	gain
10	100134000	100137000	5	gain
10	100161000	100221000	4	gain
10	101403000	101409000	4	gain
10	103977000	104031000	1	loss
10	104331000	104334000	5	gain
10	105915000	105927000	4	gain
10	107682000	107688000	5	gain
10	110199000	110208000	4	gain
10	110340000	110352000	4	gain
10	112536000	112542000	4	gain
10	114873000	114879000	4	gain
10	118047000	118161000	1	loss
10	118161000	118191000	0	loss
10	118746000	118752000	4	gain
10	118902000	118905000	10	gain
10	119601000	119607000	4	gain
10	121542000	121548000	6	gain
10	122343000	122349000	4	gain
10	123327000	123333000	4	gain
10	126537000	126543000	4	gain
10	128826000	128847000	5	gain
11	0	3135000	13	gain
11	3135000	3150000	132	gain
11	8100000	8106000	4	gain
11	9693000	9699000	4	gain
11	10992000	11001000	4	gain
11	11562000	11568000	4	gain
11	12324000	12327000	6	gain
11	18573000	18579000	5	gain
11	20313000	20316000	6	gain
11	24825000	24831000	5	gain
11	25509000	25512000	5	gain
11	27330000	27339000	5	gain
11	27795000	27870000	1	loss
11	28479000	28755000	3	gain
11	31545000	31551000	4	gain
11	33966000	33969000	5	gain
11	34509000	34524000	4	gain
11	34524000	34563000	1	loss
11	34563000	34572000	6	gain
11	38793000	38799000	4	gain
11	40122000	40128000	4	gain
11	40731000	40737000	4	gain
11	41523000	41526000	9	gain
11	43194000	43200000	4	gain
11	45501000	45504000	5	gain
11	45900000	45906000	4	gain
11	46488000	46494000	4	gain
11	47319000	47325000	5	gain
11	48357000	48369000	4	gain
11	48846000	48957000	1	loss
11	49797000	49803000	4	gain
11	50907000	50916000	3	gain
11	51327000	51333000	4	gain
11	56067000	56073000	4	gain
11	56625000	56628000	6	gain
11	58359000	58368000	4	gain
11	58404000	58527000	3	gain
11	60483000	60519000	1	loss
11	60519000	60534000	3	gain
11	60534000	60558000	1	loss
11	62844000	62847000	5	gain
11	62859000	62865000	5	gain
11	62973000	62976000	5	gain
11	66597000	66603000	4	gain
11	70974000	71064000	3	gain
11	71268000	71274000	4	gain
11	73488000	73506000	3	gain
11	73506000	73509000	6	gain
11	74112000	74118000	5	gain
11	74193000	74205000	4	gain
11	74775000	74778000	8	gain
11	82887000	82917000	1	loss
11	83013000	83064000	1	loss
11	94683000	94701000	1	loss
11	99585000	99627000	4	gain
11	108003000	108006000	6	gain
11	109911000	109914000	5	gain
12	18267000	19035000	4	gain
12	19125000	19359000	4	gain
12	19359000	20283000	3	gain
12	20283000	20550000	4	gain
12	21726000	23790000	1	loss
12	24147000	24405000	1	loss
12	55137000	55323000	1	loss
12	87567000	88224000	1	loss
12	101136000	101370000	1	loss
12	103698000	103896000	1	loss
12	113556000	113589000	4	gain
12	113883000	113958000	1	loss
12	113958000	114009000	3	gain
12	114348000	114447000	4	gain
12	114447000	114510000	5	gain
12	114510000	114618000	4	gain
12	114618000	114672000	1	loss
12	114672000	114810000	5	gain
12	114954000	115026000	0	loss
12	115125000	115212000	4	gain
12	115533000	115590000	5	gain
12	115590000	115734000	0	loss
12	115890000	115926000	4	gain
13	12789000	12888000	4	gain
13	19116000	19122000	12	gain
13	23079000	23166000	1	loss
13	33465000	33600000	1	loss
13	50343000	50433000	3	gain
13	58323000	58326000	42	gain
13	61809000	61878000	0	loss
13	62010000	62226000	1	loss
13	62241000	62277000	7	gain
13	62277000	62337000	4	gain
13	62535000	62685000	3	gain
13	62862000	62871000	8	gain
13	65466000	65610000	3	gain
13	65610000	65691000	6	gain
13	65754000	65916000	6	gain
13	65916000	65943000	3	gain
13	65943000	65961000	6	gain
13	65961000	66078000	3	gain
13	66078000	66156000	5	gain
13	66162000	66198000	6	gain
13	66261000	66282000	5	gain
13	66282000	66309000	3	gain
13	66309000	66336000	5	gain
13	66336000	66372000	3	gain
13	66372000	66399000	5	gain
13	66399000	66417000	1	loss
13	66417000	66453000	4	gain
13	66579000	66639000	6	gain
13	66765000	66876000	7	gain
13	66936000	66948000	9	gain
13	66948000	66966000	1	loss
13	66966000	67008000	3	gain
13	68034000	68040000	6	gain
13	68148000	68232000	4	gain
13	68232000	68520000	1	loss
13	68520000	68640000	3	gain
13	68640000	68703000	0	loss
13	85104000	85110000	8	gain
13	85272000	85278000	10	gain
13	85806000	85842000	0	loss
13	100383000	100497000	1	loss
13	106746000	106806000	0	loss
13	120486000	120498000	14	gain
14	3456000	3462000	6	gain
14	15048000	15267000	1	loss
14	15267000	15276000	3	gain
14	15276000	15966000	1	loss
14	15966000	15987000	5	gain
14	16032000	16260000	1	loss
14	16260000	16272000	3	gain
14	16272000	16551000	1	loss
14	16551000	16557000	4	gain
14	16557000	17637000	1	loss
14	17637000	17670000	3	gain
14	17670000	18057000	1	loss
14	18057000	18105000	4	gain
14	18177000	18201000	7	gain
14	18201000	18420000	1	loss
14	18591000	19587000	1	loss
14	41175000	41253000	4	gain
14	41253000	41340000	3	gain
14	41340000	41391000	4	gain
14	41391000	41781000	3	gain
14	41781000	41805000	4	gain
14	41805000	41991000	1	loss
14	41991000	42039000	3	gain
14	42039000	42207000	1	loss
14	42207000	42219000	4	gain
14	42219000	42525000	1	loss
14	42525000	42960000	3	gain
14	42960000	43101000	1	loss
14	43170000	43221000	3	gain
14	43761000	43779000	4	gain
14	43809000	43818000	6	gain
14	43956000	44025000	0	loss
14	44064000	44322000	1	loss
14	44361000	44952000	0	loss
14	51477000	51495000	4	gain
14	51816000	51948000	3	gain
14	52005000	52038000	3	gain
14	53178000	53250000	3	gain
14	53493000	53691000	3	gain
14	53691000	53808000	4	gain
14	53808000	53841000	6	gain
14	53850000	53871000	6	gain
14	53871000	53991000	3	gain
14	56157000	56205000	4	gain
14	69489000	69927000	1	loss
14	90531000	90540000	9	gain
14	100485000	100494000	5	gain
15	3837000	3855000	1	loss
15	4443000	4446000	8	gain
15	9084000	9087000	19	gain
15	9219000	9222000	7	gain
15	13113000	13116000	5	gain
15	19521000	19533000	0	loss
15	19665000	19668000	5	gain
15	21861000	21882000	1	loss
15	33831000	33840000	12	gain
15	33948000	33960000	0	loss
15	46410000	46425000	1	loss
15	49188000	49191000	6	gain
15	58311000	58314000	6	gain
15	63696000	63699000	5	gain
15	63762000	63786000	1	loss
15	71046000	71058000	4	gain
15	74955000	74961000	23	gain
15	75174000	75204000	4	gain
15	75210000	75222000	4	gain
15	77313000	77331000	3	gain
15	77331000	77373000	1	loss
15	77508000	77568000	3	gain
15	79752000	79758000	5	gain
15	103554000	103656000	1	loss
15	103656000	103668000	3	gain
15	103668000	103704000	0	loss
16	3309000	3315000	4	gain
16	3363000	3366000	7	gain
16	5040000	5046000	4	gain
16	6576000	6582000	0	loss
16	10791000	10794000	56	gain
16	10959000	10962000	4	gain
16	12918000	12924000	4	gain
16	14748000	14754000	0	loss
16	15897000	15906000	1	loss
16	17040000	17043000	7	gain
16	18915000	18927000	4	gain
16	18927000	18966000	3	gain
16	18966000	19035000	4	gain
16	19056000	19083000	4	gain
16	19947000	19956000	0	loss
16	20925000	20928000	5	gain
16	22647000	22653000	0	loss
16	26316000	26319000	7	gain
16	35970000	35982000	3	gain
16	36063000	36144000	1	loss
16	36180000	36192000	1	loss
16	36216000	36237000	3	gain
16	36237000	36255000	4	gain
16	43587000	43593000	5	gain
16	44616000	44634000	3	gain
16	44658000	44688000	1	loss
16	44883000	44889000	0	loss
16	46470000	46473000	11	gain
16	46533000	46542000	1	loss
16	47640000	47655000	0	loss
16	47904000	47925000	1	loss
16	48702000	48711000	1	loss
16	56811000	56829000	1	loss
16	57210000	57213000	27	gain
16	59181000	59184000	6	gain
16	63651000	63657000	4	gain
16	71580000	71592000	4	gain
16	74571000	74577000	5	gain
16	76356000	76359000	7	gain
16	76914000	76920000	4	gain
16	77523000	77550000	0	loss
16	79794000	79806000	0	loss
16	81876000	81897000	1	loss
16	83196000	83199000	5	gain
16	86616000	86619000	8	gain
16	86703000	86715000	0	loss
16	90138000	90147000	4	gain
16	91329000	91332000	9	gain
16	93483000	93486000	12	gain
16	94611000	94614000	5	gain
16	97770000	97776000	4	gain
17	6270000	6969000	1	loss
17	7188000	7194000	6	gain
17	13143000	13164000	0	loss
17	15183000	15276000	3	gain
17	17214000	17331000	8	gain
17	17343000	17388000	8	gain
17	17421000	17448000	6	gain
17	18345000	18387000	0	loss
17	19170000	19620000	0	loss
17	22413000	22467000	4	gain
17	22467000	22500000	6	gain
17	22752000	22884000	6	gain
17	23148000	23379000	0	loss
17	23649000	23655000	5	gain
17	23655000	23730000	3	gain
17	23730000	23739000	6	gain
17	24102000	24144000	0	loss
17	31431000	31551000	4	gain
17	33387000	33420000	4	gain
17	35463000	35532000	4	gain
17	35601000	35775000	1	loss
17	36387000	36498000	1	loss
17	36540000	36546000	10	gain
17	37053000	37074000	0	loss
17	37986000	38013000	4	gain
17	38793000	38832000	3	gain
17	38832000	38937000	5	gain
17	40152000	40161000	89	gain
17	40239000	40452000	0	loss
17	40452000	40572000	1	loss
17	40572000	40629000	4	gain
18	3216000	3234000	3	gain
18	3474000	3477000	4	gain
18	3879000	3882000	4	gain
18	4194000	4200000	11	gain
18	4221000	4227000	4	gain
18	4914000	4917000	7	gain
18	6543000	6552000	0	loss
18	6861000	6870000	3	gain
18	6870000	6873000	0	loss
18	7806000	7818000	3	gain
18	9591000	9600000	3	gain
18	12963000	12966000	12	gain
18	18870000	18891000	1	loss
18	19572000	19581000	1	loss
18	20748000	20757000	5	gain
18	20757000	20760000	8	gain
18	20760000	20763000	4	gain
18	21072000	21081000	1	loss
18	21114000	21120000	3	gain
18	23313000	23349000	1	loss
18	24165000	24171000	3	gain
18	27132000	27138000	5	gain
18	28473000	28479000	0	loss
18	28929000	28932000	0	loss
18	32892000	32895000	4	gain
18	32907000	32928000	1	loss
18	33147000	33168000	1	loss
18	36609000	36615000	3	gain
18	37113000	37122000	3	gain
18	37554000	37569000	3	gain
18	39564000	39567000	4	gain
18	42690000	42693000	4	gain
18	44022000	44037000	1	loss
18	44424000	44430000	3	gain
18	45339000	45354000	1	loss
18	45876000	45882000	1	loss
18	46881000	46884000	4	gain
18	47199000	47205000	3	gain
18	47520000	47526000	3	gain
18	47910000	47919000	1	loss
18	48840000	48846000	4	gain
18	48963000	48969000	1	loss
18	49281000	49287000	0	loss
18	50385000	50400000	1	loss
18	51099000	51138000	1	loss
18	51318000	51330000	1	loss
18	56070000	56073000	4	gain
18	56082000	56088000	3	gain
18	59604000	59610000	1	loss
18	60435000	60441000	1	loss
18	60456000	60480000	0	loss
18	60501000	60513000	4	gain
18	60537000	60546000	1	loss
18	60570000	60591000	3	gain
18	62409000	62412000	4	gain
18	66258000	66270000	1	loss
18	66675000	66681000	3	gain
18	66885000	66888000	4	gain
18	67014000	67020000	4	gain
18	67212000	67215000	4	gain
18	68208000	68211000	4	gain
18	68544000	68547000	4	gain
18	68547000	68550000	7	gain
18	68550000	68553000	3	gain
18	70833000	70839000	0	loss
18	70974000	70980000	3	gain
18	73422000	73425000	4	gain
18	73665000	73668000	9	gain
18	74391000	74403000	3	gain
18	76401000	76404000	4	gain
18	76497000	76500000	5	gain
18	77175000	77181000	3	gain
18	77805000	77817000	1	loss
18	79842000	79845000	0	loss
18	80055000	80073000	1	loss
18	82203000	82239000	0	loss
18	83190000	83196000	4	gain
18	83226000	83235000	1	loss
18	85059000	85071000	1	loss
18	85122000	85134000	1	loss
18	85716000	85719000	5	gain
18	86085000	86091000	0	loss
18	86259000	86262000	0	loss
18	87795000	87849000	1	loss
18	87945000	87981000	1	loss
18	89685000	89694000	0	loss
18	89877000	89886000	1	loss
18	89940000	89946000	1	loss
18	90288000	90306000	1	loss
18	90429000	90459000	1	loss
18	90558000	90561000	4	gain
19	0	3162000	3	gain
19	3162000	3165000	5	gain
19	3165000	3198000	3	gain
19	4086000	4089000	6	gain
19	5838000	5841000	5	gain
19	7698000	7722000	0	loss
19	8028000	8034000	4	gain
19	8229000	8232000	6	gain
19	8271000	8301000	0	loss
19	9150000	9369000	0	loss
19	9369000	9396000	1	loss
19	9495000	9525000	1	loss
19	9558000	9579000	1	loss
19	9663000	9669000	6	gain
19	11403000	11436000	0	loss
19	13116000	13122000	4	gain
19	13923000	13929000	0	loss
19	23334000	23337000	6	gain
19	24891000	24897000	0	loss
19	27261000	27264000	4	gain
19	29667000	29673000	4	gain
19	33438000	33669000	1	loss
19	34287000	34329000	4	gain
19	34563000	34578000	3	gain
19	39105000	39174000	0	loss
19	39249000	39258000	1	loss
19	39588000	39597000	4	gain
19	39621000	39666000	3	gain
19	39666000	39750000	1	loss
19	41448000	41460000	3	gain
19	45168000	45180000	3	gain
19	48081000	48084000	5	gain
19	52767000	52821000	1	loss
19	53031000	53034000	4	gain
19	58101000	58104000	56	gain
2	5382000	5385000	7	gain
2	22476000	22482000	123	gain
2	26889000	26895000	5	gain
2	39249000	39258000	5	gain
2	41634000	41640000	4	gain
2	63030000	63033000	7	gain
2	69903000	69909000	5	gain
2	70611000	70614000	8	gain
2	72843000	72846000	7	gain
2	77700000	77844000	3	gain
2	83784000	83826000	3	gain
2	86592000	86631000	1	loss
2	89037000	89076000	0	loss
2	89997000	90219000	1	loss
2	90219000	90246000	3	gain
2	93654000	93663000	4	gain
2	98490000	98499000	15020	gain
2	100281000	100608000	1	loss
2	107424000	107433000	5	gain
2	113721000	113724000	9	gain
2	116376000	116394000	3	gain
2	148794000	148911000	1	loss
2	150543000	150549000	5	gain
2	151020000	151026000	5	gain
2	151236000	151278000	3	gain
2	156201000	156204000	8	gain
2	162279000	162282000	6	gain
2	167253000	167256000	7	gain
2	171384000	171390000	4	gain
2	174804000	174810000	6	gain
2	174810000	174909000	3	gain
2	174909000	174918000	7	gain
2	174918000	174942000	3	gain
2	174975000	175023000	4	gain
2	175128000	175575000	0	loss
2	175674000	175770000	0	loss
2	175851000	176733000	1	loss
2	176763000	176769000	9	gain
2	176916000	176925000	7	gain
2	176925000	176934000	3	gain
2	176934000	176940000	7	gain
2	176949000	176958000	5	gain
2	176958000	176982000	3	gain
2	177006000	177015000	7	gain
2	177015000	177156000	3	gain
2	177156000	177234000	10	gain
2	177234000	177261000	5	gain
2	177261000	177384000	3	gain
2	177384000	177390000	6	gain
2	177390000	177483000	3	gain
2	177483000	177519000	1	loss
2	180933000	180936000	6	gain
3	0	3099000	9	gain
3	3201000	3204000	8	gain
3	4764000	4782000	0	loss
3	5925000	5928000	22	gain
3	8310000	8313000	7	gain
3	15390000	15408000	3	gain
3	15408000	15450000	1	loss
3	15450000	15540000	0	loss
3	15540000	15918000	3	gain
3	20175000	20178000	16	gain
3	22293000	22353000	1	loss
3	31590000	31617000	0	loss
3	34905000	34908000	7	gain
3	37269000	37272000	5	gain
3	54756000	54762000	5	gain
3	56481000	56484000	48	gain
3	61473000	61485000	0	loss
3	64419000	64563000	0	loss
3	64731000	64770000	0	loss
3	68640000	68649000	4	gain
3	74166000	74181000	0	loss
3	77502000	77511000	4	gain
3	91074000	91314000	0	loss
3	92091000	92094000	6	gain
3	93609000	93660000	1	loss
3	93660000	93735000	4	gain
3	93735000	93792000	3	gain
3	93993000	94056000	1	loss
3	94056000	94080000	0	loss
3	94122000	94143000	4	gain
3	95949000	95955000	6	gain
3	97317000	97326000	5	gain
3	98490000	98517000	0	loss
3	99888000	99891000	7	gain
3	105153000	105159000	4	gain
3	106032000	106218000	5	gain
3	106269000	106281000	5	gain
3	113502000	113517000	0	loss
3	117171000	117180000	6	gain
3	123468000	123474000	12	gain
3	133506000	133512000	9	gain
3	133521000	133536000	0	loss
3	139824000	139833000	5	gain
3	142278000	142326000	3	gain
3	144507000	144513000	8	gain
4	3159000	3264000	4	gain
4	41784000	41856000	3	gain
4	49347000	49389000	4	gain
4	60057000	60126000	4	gain
4	60126000	60315000	1	loss
4	60315000	60450000	4	gain
4	60777000	61131000	4	gain
4	61371000	61428000	3	gain
4	61428000	61500000	6	gain
4	61500000	61614000	3	gain
4	61614000	61638000	6	gain
4	61638000	61707000	3	gain
4	61878000	61953000	0	loss
4	70296000	70299000	48	gain
4	88674000	88725000	6	gain
4	111918000	112467000	0	loss
4	112647000	113238000	0	loss
4	113238000	113511000	1	loss
4	113511000	113691000	3	gain
4	113691000	113727000	1	loss
4	113727000	113868000	3	gain
4	113868000	114000000	1	loss
4	114000000	114066000	4	gain
4	115158000	115194000	4	gain
4	115269000	115317000	0	loss
4	121473000	121515000	0	loss
4	121596000	121641000	1	loss
4	121641000	121644000	7	gain
4	121644000	122433000	0	loss
4	143238000	143313000	1	loss
4	143409000	143547000	4	gain
4	143595000	143634000	4	gain
4	145155000	145176000	4	gain
4	145389000	145431000	4	gain
4	146100000	146148000	4	gain
4	146355000	146433000	1	loss
4	146433000	146448000	4	gain
4	146448000	146469000	3	gain
4	146469000	146490000	8	gain
4	146622000	147111000	1	loss
4	147111000	147204000	4	gain
4	147474000	147519000	4	gain
4	147519000	147600000	3	gain
4	147600000	147615000	8	gain
4	147642000	147699000	4	gain
4	147867000	147924000	4	gain
4	156381000	156411000	3	gain
4	156411000	156588000	1	loss
4	156588000	156603000	4	gain
4	156603000	156860686	1	loss
5	10941000	11319000	0	loss
5	11319000	11529000	1	loss
5	11529000	11751000	0	loss
5	11751000	11898000	1	loss
5	11898000	11928000	3	gain
5	11928000	11958000	5	gain
5	11958000	11973000	4	gain
5	14937000	14949000	4	gain
5	15915000	15921000	4	gain
5	22905000	22923000	0	loss
5	26121000	26136000	5	gain
5	26136000	26169000	8	gain
5	26169000	26175000	3	gain
5	26175000	26328000	8	gain
5	26463000	26475000	6	gain
5	47328000	47358000	0	loss
5	57273000	57330000	0	loss
5	59892000	59928000	0	loss
5	79551000	79587000	3	gain
5	81525000	81531000	6	gain
5	83169000	83175000	5	gain
5	87300000	87306000	5	gain
5	90678000	90681000	13	gain
5	92763000	92766000	9	gain
5	93957000	94203000	1	loss
5	94203000	94479000	0	loss
5	94479000	94572000	1	loss
5	94572000	94947000	0	loss
5	94947000	94953000	3	gain
5	94953000	95412000	0	loss
5	95412000	95487000	1	loss
5	95487000	95619000	0	loss
5	95667000	95964000	1	loss
5	101304000	101307000	7	gain
5	105357000	105411000	0	loss
5	115059000	115062000	22	gain
5	137010000	137013000	6	gain
5	138204000	138240000	3	gain
5	145494000	145518000	4	gain
5	145518000	145542000	1	loss
5	145542000	145551000	6	gain
5	145551000	145560000	0	loss
5	145560000	145629000	6	gain
5	145629000	145695000	3	gain
5	145695000	145704000	8	gain
5	146196000	146199000	16	gain
5	146283000	146286000	7	gain
5	146415000	146424000	4	gain
5	146424000	146499000	1	loss
6	0	3204000	3	gain
6	47100000	47145000	0	loss
6	47622000	47745000	7	gain
6	60024000	60411000	0	loss
6	60411000	60471000	3	gain
6	68355000	68829000	1	loss
6	69087000	69297000	1	loss
6	69501000	69669000	1	loss
6	69669000	69801000	3	gain
6	70059000	70089000	0	loss
6	70089000	70116000	6	gain
6	70116000	70170000	1	loss
6	70170000	70245000	5	gain
6	70245000	70269000	1	loss
6	70269000	70284000	7	gain
6	70284000	70296000	1	loss
6	70296000	70398000	4	gain
6	70398000	70563000	1	loss
6	70563000	70575000	8	gain
6	70575000	70647000	3	gain
6	85695000	85719000	5	gain
6	103626000	103629000	11692	gain
6	114474000	114609000	3	gain
6	128820000	128832000	9	gain
6	128832000	128970000	3	gain
6	129960000	130017000	0	loss
6	130017000	130113000	4	gain
6	130164000	130197000	5	gain
6	130536000	130659000	5	gain
6	130659000	130803000	3	gain
6	130803000	130998000	7	gain
6	130998000	131061000	4	gain
6	131472000	131523000	0	loss
6	133182000	133263000	0	loss
6	133263000	133419000	4	gain
6	133419000	133503000	5	gain
7	5658000	5832000	1	loss
7	7620000	7938000	3	gain
7	9168000	9174000	5	gain
7	11178000	11247000	0	loss
7	11742000	11757000	6	gain
7	14505000	14598000	5	gain
7	14664000	14730000	4	gain
7	14844000	15003000	3	gain
7	15003000	15171000	5	gain
7	15225000	15315000	5	gain
7	15447000	15522000	5	gain
7	16959000	17328000	1	loss
7	19818000	23001000	0	loss
7	23436000	23520000	3	gain
7	31221000	31245000	4	gain
7	31245000	31365000	1	loss
7	31365000	31416000	3	gain
7	31416000	31716000	1	loss
7	32037000	32799000	1	loss
7	32799000	32985000	3	gain
7	32985000	33027000	5	gain
7	33027000	33063000	1	loss
7	33063000	33264000	4	gain
7	37866000	37977000	3	gain
7	37977000	38241000	4	gain
7	38508000	38610000	4	gain
7	38610000	38769000	3	gain
7	38769000	38877000	5	gain
7	38877000	39018000	3	gain
7	40731000	40815000	7	gain
7	40815000	40824000	1	loss
7	40824000	40875000	5	gain
7	40875000	40962000	3	gain
7	47202000	47337000	1	loss
7	47337000	47361000	3	gain
7	47361000	47415000	8	gain
7	47415000	47490000	3	gain
7	47490000	47580000	1	loss
7	47580000	47589000	6	gain
7	47625000	47640000	5	gain
7	50589000	50640000	6	gain
7	59070000	59103000	0	loss
7	59103000	59202000	3	gain
7	59361000	59424000	5	gain
7	60159000	60402000	1	loss
7	63723000	63741000	16	gain
7	104076000	104079000	32	gain
7	105480000	105984000	1	loss
7	110784000	110790000	7	gain
7	140061000	140163000	0	loss
7	143187000	143229000	3	gain
8	0	3111000	1	loss
8	14355000	14358000	38	gain
8	15567000	15570000	7	gain
8	19320000	19371000	3	gain
8	19371000	19377000	5	gain
8	19491000	19497000	6	gain
8	19497000	19524000	4	gain
8	19524000	19539000	6	gain
8	19731000	19788000	18	gain
8	19788000	19800000	4	gain
8	19800000	21327000	21	gain
8	21327000	21330000	0	loss
8	21330000	21342000	3	gain
8	21342000	21357000	0	loss
8	21432000	21444000	5	gain
8	21477000	21492000	6	gain
8	21492000	21510000	3	gain
8	21510000	21621000	0	loss
8	21621000	21627000	4	gain
8	21651000	21780000	1	loss
8	21867000	21876000	5	gain
8	21945000	22008000	4	gain
8	22008000	22089000	3	gain
8	22089000	22215000	1	loss
8	23583000	23586000	12	gain
8	27762000	27789000	3	gain
8	27819000	27840000	4	gain
8	55833000	55959000	3	gain
8	55959000	55974000	6	gain
8	55974000	56091000	3	gain
8	61050000	61059000	4	gain
8	69873000	69915000	1	loss
8	69915000	69921000	4	gain
8	69921000	69987000	1	loss
8	69987000	70005000	4	gain
8	71448000	71457000	6	gain
8	72582000	72615000	4	gain
8	75150000	75162000	0	loss
8	101871000	101874000	7	gain
8	119772000	119781000	5	gain
8	124275000	124326000	1	loss
8	124326000	124329000	14	gain
8	124329000	124341000	1	loss
8	124341000	124347000	7	gain
8	124596000	124599000	7	gain
9	3258000	3261000	6	gain
9	3303000	3315000	7	gain
9	3879000	3891000	1	loss
9	6120000	6129000	0	loss
9	7371000	7377000	4	gain
9	7797000	7806000	3	gain
9	8280000	8283000	5	gain
9	11112000	11139000	0	loss
9	22050000	22209000	3	gain
9	33057000	33072000	7	gain
9	34980000	35001000	0	loss
9	36552000	36567000	1	loss
9	37860000	37875000	0	loss
9	38925000	38937000	4	gain
9	38997000	39003000	0	loss
9	39138000	39150000	3	gain
9	39258000	39270000	1	loss
9	39339000	39381000	0	loss
9	41817000	41823000	6	gain
9	48432000	48435000	5	gain
9	51024000	51027000	4	gain
9	52794000	52821000	1	loss
9	62346000	62349000	6	gain
9	62349000	62355000	4	gain
9	62508000	62514000	4	gain
9	73203000	73224000	1	loss
9	78135000	78192000	1	loss
9	83817000	83823000	5	gain
9	86340000	86343000	5	gain
9	88485000	88560000	3	gain
9	88704000	88707000	7	gain
9	88707000	88728000	3	gain
9	88980000	88998000	1	loss
9	88998000	89022000	3	gain
9	89226000	89244000	1	loss
9	102906000	102909000	5	gain
9	104220000	104241000	1	loss
9	109125000	109206000	1	loss
9	110109000	110112000	6	gain
9	114000000	114009000	7	gain
9	114078000	114081000	10	gain
9	114090000	114105000	3	gain
9	114909000	114915000	5	gain
9	118494000	118569000	3	gain
9	121050000	121068000	0	loss
9	121233000	121242000	6	gain
9	123288000	123294000	8	gain
9	123933000	124017000	1	loss
9	124017000	124020000	5	gain
X	0	3360000	2	gain
X	3360000	4317000	3	gain
X	4434000	4461000	4	gain
X	4647000	4782000	4	gain
X	4782000	4938000	5	gain
X	4938000	5256000	2	gain
X	23979000	24780000	0	loss
X	24780000	25170000	2	gain
X	25170000	27093000	0	loss
X	27093000	27144000	4	gain
X	27144000	29127000	2	gain
X	29127000	29454000	0	loss
X	29454000	30543000	2	gain
X	30543000	30783000	3	gain
X	30783000	30900000	11	gain
X	30900000	31059000	3	gain
X	31785000	31884000	3	gain
X	32352000	32490000	2	gain
X	32490000	32526000	5	gain
X	32724000	33006000	2	gain
X	33006000	33276000	4	gain
X	33276000	33351000	2	gain
X	33351000	33384000	12	gain
X	33384000	33471000	3	gain
X	33471000	33834000	7	gain
X	33834000	34464000	2	gain
X	34464000	34749000	4	gain
X	122028000	122997000	2	gain
X	122997000	124947000	0	loss
X	148395000	148722000	2	gain
X	168765000	169476592	4	gain
Y	0	258000	2	gain
Y	258000	264000	43	gain
Y	264000	357000	2	gain
Y	1467000	1710000	0	loss
Y	2775000	2784000	6	gain
Y	2874000	2883000	6	gain
Y	2883000	3798000	2	gain
Y	3921000	3924000	7	gain
Y	4149000	4152000	9	gain
Y	6693000	6996000	2	gain
Y	10182000	10704000	0	loss
Y	10704000	10710000	3	gain
Y	10710000	11334000	0	loss
Y	14433000	16017000	0	loss
Y	21501000	21660000	2	gain
Y	31290000	31296000	4	gain
Y	33162000	33171000	4	gain
Y	40959000	40983000	3	gain
Y	41076000	41259000	2	gain
Y	42381000	43221000	0	loss
Y	43221000	43224000	5	gain
Y	43725000	43728000	5	gain
Y	55530000	55719000	2	gain
Y	57516000	57711000	2	gain
Y	58857000	58860000	6	gain
Y	69198000	69261000	2	gain
Y	74343000	74550000	2	gain
Y	74742000	74745000	10	gain
Y	76047000	76251000	2	gain
Y	81324000	81483000	2	gain
Y	82932000	83121000	2	gain
Y	83121000	83232000	4	gain
Y	83232000	83481000	2	gain
Y	83916000	84729000	2	gain
Y	87789000	87792000	6	gain
Y	89136000	89145000	6	gain
Y	89145000	89397000	2	gain
Y	90729000	90756000	6	gain
Y	90771000	91455967	5	gain
