1	4629000	4638000	5	gain
1	15807000	15813000	5	gain
1	24648000	24657000	32	gain
1	25701000	25707000	5	gain
1	26724000	26730000	12	gain
1	28806000	28821000	4	gain
1	31305000	31311000	6	gain
1	36990000	36996000	5	gain
1	42177000	42183000	5	gain
1	58356000	58371000	4	gain
1	60360000	60366000	5	gain
1	61710000	61716000	6	gain
1	63870000	63876000	5	gain
1	78585000	78588000	19	gain
1	84933000	85044000	5	gain
1	85044000	85125000	7	gain
1	85125000	85131000	3	gain
1	85131000	85185000	7	gain
1	85185000	85209000	4	gain
1	85209000	85437000	7	gain
1	85437000	85476000	3	gain
1	85476000	85566000	7	gain
1	85566000	85587000	4	gain
1	85932000	85935000	54	gain
1	87969000	87978000	8	gain
1	88137000	88239000	12	gain
1	93774000	93912000	1	loss
1	120921000	120930000	5	gain
1	121131000	121137000	5	gain
1	123246000	123249000	11	gain
1	126372000	126444000	1	loss
1	135132000	135135000	28	gain
1	139596000	139743000	1	loss
1	139836000	140070000	3	gain
1	149928000	149988000	3	gain
1	157704000	157710000	5	gain
1	170892000	170910000	4	gain
1	171333000	171351000	5	gain
1	171351000	171411000	12	gain
1	173346000	173415000	0	loss
1	173475000	173511000	0	loss
1	173742000	173811000	4	gain
1	176109000	176115000	5	gain
1	177684000	177831000	3	gain
1	190032000	190038000	7	gain
10	3195000	3204000	4	gain
10	5040000	5046000	5	gain
10	5340000	5346000	5	gain
10	7314000	7332000	0	loss
10	7404000	7407000	5	gain
10	17013000	17025000	5	gain
10	19146000	19149000	6	gain
10	19854000	19860000	5	gain
10	21906000	22050000	1	loss
10	22131000	22149000	1	loss
10	22149000	22236000	3	gain
10	23346000	23364000	4	gain
10	28794000	28809000	0	loss
10	32376000	32382000	5	gain
10	32691000	32694000	34	gain
10	33627000	33639000	0	loss
10	35553000	35559000	6	gain
10	38808000	38832000	4	gain
10	42252000	42258000	5	gain
10	43683000	43689000	5	gain
10	46788000	46794000	5	gain
10	48108000	48114000	5	gain
10	50910000	50916000	5	gain
10	52404000	52407000	7	gain
10	55908000	55914000	5	gain
10	56124000	56130000	6	gain
10	56163000	56169000	5	gain
10	57015000	57021000	5	gain
10	57555000	57561000	5	gain
10	57987000	58077000	3	gain
10	58863000	58869000	5	gain
10	73419000	73422000	7	gain
10	81513000	81804000	1	loss
10	81804000	81807000	5	gain
10	92889000	92895000	5	gain
10	98175000	98178000	6	gain
10	99174000	99180000	6	gain
10	100167000	100218000	3	gain
10	100269000	100272000	6	gain
10	105918000	105921000	6	gain
10	106227000	106239000	4	gain
10	107682000	107688000	5	gain
10	110199000	110205000	5	gain
10	113049000	113052000	7	gain
10	118047000	118191000	1	loss
10	118746000	118752000	5	gain
10	118902000	118905000	11	gain
10	121542000	121548000	5	gain
10	121896000	121905000	6	gain
10	123327000	123333000	5	gain
11	0	3135000	12	gain
11	3135000	3150000	104	gain
11	8001000	8004000	28	gain
11	10386000	10392000	5	gain
11	11238000	11244000	4	gain
11	11562000	11568000	5	gain
11	13767000	13770000	6	gain
11	17463000	17469000	4	gain
11	18030000	18036000	5	gain
11	18573000	18579000	5	gain
11	24825000	24831000	5	gain
11	26619000	26625000	4	gain
11	27330000	27336000	5	gain
11	27795000	27870000	1	loss
11	29358000	29370000	0	loss
11	31110000	31167000	1	loss
11	34491000	34515000	3	gain
11	34515000	34521000	14	gain
11	34521000	34542000	3	gain
11	34563000	34572000	7	gain
11	37524000	37530000	4	gain
11	40122000	40140000	3	gain
11	40728000	40737000	4	gain
11	41523000	41526000	12	gain
11	41769000	41772000	5	gain
11	42669000	42675000	4	gain
11	43194000	43200000	5	gain
11	45501000	45504000	6	gain
11	46491000	46494000	6	gain
11	47319000	47325000	5	gain
11	48360000	48366000	5	gain
11	48825000	48873000	1	loss
11	48897000	48957000	1	loss
11	49356000	49383000	0	loss
11	49794000	49803000	4	gain
11	50907000	50946000	4	gain
11	56067000	56073000	4	gain
11	56625000	56628000	6	gain
11	58404000	58527000	3	gain
11	58977000	58983000	6	gain
11	60453000	60462000	6	gain
11	60519000	60534000	4	gain
11	60555000	60573000	5	gain
11	60573000	60588000	3	gain
11	62859000	62865000	5	gain
11	62973000	62976000	5	gain
11	70983000	71064000	3	gain
11	71064000	71100000	1	loss
11	71100000	71103000	4	gain
11	71103000	71205000	1	loss
11	71268000	71274000	5	gain
11	73488000	73509000	3	gain
11	73746000	73776000	1	loss
11	74193000	74205000	4	gain
11	74775000	74778000	7	gain
11	81321000	81327000	5	gain
11	82854000	82857000	5	gain
11	83016000	83064000	1	loss
11	83100000	83136000	1	loss
11	83577000	83598000	5	gain
11	86070000	86076000	4	gain
11	86703000	86706000	5	gain
11	88779000	88788000	7	gain
11	88971000	88974000	8	gain
11	89445000	89451000	5	gain
11	90471000	90477000	4	gain
11	92484000	92493000	4	gain
11	99585000	99630000	3	gain
11	99717000	99723000	5	gain
11	99774000	99780000	5	gain
11	99813000	99819000	4	gain
11	105957000	105960000	10	gain
11	108003000	108006000	7	gain
11	108900000	108903000	45	gain
11	113802000	113808000	6	gain
11	114900000	114936000	1	loss
11	115644000	115653000	6	gain
11	116634000	116661000	4	gain
11	118275000	118278000	7	gain
12	18270000	18444000	5	gain
12	18444000	18795000	3	gain
12	18795000	18882000	5	gain
12	18882000	19071000	4	gain
12	19071000	19224000	6	gain
12	19224000	19362000	4	gain
12	19362000	19599000	3	gain
12	19599000	19632000	5	gain
12	19632000	20223000	3	gain
12	20223000	20283000	4	gain
12	20283000	20370000	6	gain
12	20370000	21072000	4	gain
12	21618000	21645000	4	gain
12	21945000	22302000	1	loss
12	22491000	23064000	1	loss
12	23142000	23241000	5	gain
12	23646000	23655000	6	gain
12	23808000	23856000	3	gain
12	23856000	24075000	1	loss
12	24144000	24408000	1	loss
12	55137000	55329000	1	loss
12	88023000	88086000	0	loss
12	88161000	88269000	3	gain
12	113532000	113586000	3	gain
12	113586000	113670000	5	gain
12	113670000	113760000	3	gain
12	114084000	114108000	4	gain
12	114765000	114816000	4	gain
12	115140000	115173000	5	gain
12	115458000	115650000	3	gain
12	115767000	115797000	5	gain
13	9060000	9063000	20	gain
13	12888000	13146000	1	loss
13	13146000	13443000	3	gain
13	19116000	19122000	22	gain
13	19419000	19467000	0	loss
13	23079000	23166000	1	loss
13	33507000	33603000	1	loss
13	33798000	33858000	4	gain
13	34044000	34053000	5	gain
13	45021000	45024000	13	gain
13	49899000	49902000	6	gain
13	50337000	50532000	3	gain
13	50781000	51078000	3	gain
13	53196000	53199000	6	gain
13	58323000	58326000	81	gain
13	58803000	59517000	4	gain
13	61785000	61878000	0	loss
13	61878000	61920000	4	gain
13	61947000	61965000	1	loss
13	61965000	62010000	3	gain
13	62010000	62145000	0	loss
13	62190000	62199000	6	gain
13	62199000	62226000	0	loss
13	62226000	62232000	7	gain
13	62241000	62337000	7	gain
13	62535000	62553000	5	gain
13	62553000	62643000	3	gain
13	62643000	62691000	4	gain
13	62706000	62715000	8	gain
13	62862000	62871000	9	gain
13	64980000	64983000	8	gain
13	65466000	65514000	3	gain
13	65577000	65631000	3	gain
13	65631000	65643000	7	gain
13	65655000	65691000	6	gain
13	65754000	65781000	6	gain
13	65796000	65811000	8	gain
13	65811000	65865000	4	gain
13	65865000	65871000	14	gain
13	65886000	65961000	3	gain
13	66120000	66213000	4	gain
13	66360000	66393000	4	gain
13	66393000	66417000	1	loss
13	66417000	66438000	3	gain
13	66438000	66450000	8	gain
13	66450000	66459000	4	gain
13	66459000	66534000	1	loss
13	66570000	66648000	7	gain
13	66648000	66735000	1	loss
13	66735000	66744000	5	gain
13	66744000	66753000	0	loss
13	66765000	66873000	5	gain
13	66873000	66936000	3	gain
13	66936000	66951000	7	gain
13	66951000	66966000	1	loss
13	68034000	68040000	5	gain
13	68268000	68589000	1	loss
13	68589000	68598000	7	gain
13	68598000	68646000	1	loss
13	74676000	74679000	12	gain
13	77586000	77589000	39	gain
13	85806000	85842000	0	loss
13	93357000	93360000	7	gain
13	97326000	97329000	9	gain
13	100407000	100497000	1	loss
13	106806000	106809000	6	gain
13	120333000	120354000	4	gain
13	120354000	120369000	1	loss
13	120369000	120375000	17	gain
13	120429000	120432000	21	gain
13	120432000	120486000	1	loss
13	120486000	120501000	25	gain
13	120501000	120552000	1	loss
13	120552000	120558000	24	gain
13	120558000	120627000	1	loss
14	14916000	14928000	5	gain
14	15165000	15363000	0	loss
14	15531000	15540000	6	gain
14	15966000	16041000	5	gain
14	16041000	16482000	1	loss
14	16482000	16506000	4	gain
14	16506000	17625000	1	loss
14	17625000	17670000	7	gain
14	17670000	18057000	1	loss
14	18057000	18105000	8	gain
14	18105000	18174000	1	loss
14	18174000	18201000	6	gain
14	18201000	19641000	1	loss
14	19641000	19674000	5	gain
14	40983000	41088000	3	gain
14	41088000	41145000	1	loss
14	41145000	41304000	3	gain
14	41304000	41340000	1	loss
14	41340000	41382000	5	gain
14	41382000	41763000	3	gain
14	41763000	41808000	6	gain
14	41994000	42036000	4	gain
14	42036000	42201000	1	loss
14	42324000	42546000	1	loss
14	42546000	42606000	3	gain
14	42606000	42960000	4	gain
14	42960000	42987000	3	gain
14	42987000	43023000	1	loss
14	43023000	43227000	3	gain
14	43227000	43803000	0	loss
14	43803000	43956000	4	gain
14	43956000	44364000	1	loss
14	44364000	44949000	0	loss
14	53022000	53046000	5	gain
14	53046000	53733000	3	gain
14	53733000	53880000	4	gain
14	53880000	53955000	3	gain
14	53955000	54012000	4	gain
14	56157000	56205000	4	gain
14	69489000	69927000	1	loss
14	90531000	90540000	7	gain
15	3837000	3855000	1	loss
15	4443000	4446000	8	gain
15	4884000	4887000	4	gain
15	6702000	6711000	3	gain
15	6711000	6714000	5	gain
15	9219000	9225000	6	gain
15	9315000	9330000	1	loss
15	9330000	9408000	3	gain
15	13113000	13116000	6	gain
15	14493000	14508000	1	loss
15	14727000	14733000	4	gain
15	15045000	15069000	1	loss
15	15786000	15789000	5	gain
15	19524000	19533000	0	loss
15	20481000	20499000	1	loss
15	22779000	22794000	1	loss
15	28425000	28434000	0	loss
15	30747000	30750000	4	gain
15	32856000	32880000	3	gain
15	33822000	33831000	1	loss
15	33831000	33840000	10	gain
15	33984000	33987000	4	gain
15	36132000	36138000	4	gain
15	37464000	37473000	3	gain
15	38478000	38484000	3	gain
15	44517000	44520000	5	gain
15	45117000	45123000	1	loss
15	47034000	47061000	1	loss
15	55896000	55899000	5	gain
15	60012000	60015000	26	gain
15	63645000	63696000	1	loss
15	63696000	63699000	5	gain
15	63699000	63792000	1	loss
15	65703000	65706000	4	gain
15	66873000	66879000	4	gain
15	68505000	68511000	0	loss
15	72867000	72870000	4	gain
15	74955000	74961000	37	gain
15	75345000	75411000	3	gain
15	76443000	76452000	4	gain
15	77331000	77364000	1	loss
15	77541000	77583000	3	gain
15	79755000	79758000	4	gain
15	81282000	81285000	4	gain
15	82386000	82395000	1	loss
15	85059000	85062000	6	gain
15	88917000	88929000	3	gain
15	89496000	89508000	3	gain
15	90525000	90528000	5	gain
15	91014000	91020000	0	loss
15	96369000	96372000	4	gain
15	97377000	97386000	3	gain
15	98205000	98217000	4	gain
15	99633000	99636000	115	gain
15	100233000	100275000	3	gain
15	103551000	103629000	1	loss
15	103659000	103668000	4	gain
16	3267000	3309000	3	gain
16	3309000	3315000	6	gain
16	3363000	3366000	11	gain
16	3639000	3642000	4	gain
16	8319000	8322000	6	gain
16	10734000	10743000	0	loss
16	10791000	10794000	72	gain
16	10959000	10962000	8	gain
16	17040000	17043000	12	gain
16	18870000	18885000	4	gain
16	18885000	18900000	1	loss
16	18927000	18945000	1	loss
16	18981000	18990000	0	loss
16	20082000	20088000	22	gain
16	20823000	20832000	4	gain
16	35799000	35805000	4	gain
16	36180000	36189000	1	loss
16	36237000	36255000	4	gain
16	46470000	46473000	12	gain
16	50628000	50631000	5	gain
16	50814000	50817000	5	gain
16	57210000	57213000	47	gain
16	59031000	59085000	1	loss
16	59181000	59184000	6	gain
16	63651000	63657000	4	gain
16	70068000	70071000	5	gain
16	71580000	71592000	4	gain
16	74571000	74577000	5	gain
16	76356000	76359000	6	gain
16	81876000	81897000	1	loss
16	86616000	86619000	7	gain
16	90138000	90147000	4	gain
16	91329000	91332000	17	gain
16	93483000	93486000	10	gain
16	94611000	94614000	6	gain
16	97770000	97776000	4	gain
17	6399000	6948000	1	loss
17	13242000	13320000	3	gain
17	13320000	13611000	4	gain
17	17403000	17448000	3	gain
17	18345000	18387000	0	loss
17	19170000	19620000	0	loss
17	22752000	22812000	4	gain
17	22812000	22884000	5	gain
17	23148000	23373000	1	loss
17	23508000	23517000	6	gain
17	23517000	23583000	3	gain
17	23649000	23661000	6	gain
17	23661000	23694000	3	gain
17	23694000	23700000	8	gain
17	23730000	23742000	15	gain
17	31431000	31551000	4	gain
17	33390000	33417000	3	gain
17	34176000	34191000	5	gain
17	35463000	35475000	4	gain
17	35475000	35493000	6	gain
17	35493000	35517000	3	gain
17	35517000	35562000	5	gain
17	35562000	35793000	3	gain
17	36369000	36402000	3	gain
17	36402000	36444000	1	loss
17	36468000	36495000	1	loss
17	36495000	36549000	4	gain
17	37047000	37074000	0	loss
17	38796000	38970000	3	gain
17	40152000	40161000	174	gain
17	40491000	40494000	6	gain
17	48429000	48465000	3	gain
17	49749000	49755000	5	gain
17	69249000	69258000	4	gain
18	0	3114000	3	gain
18	3114000	3120000	12	gain
18	4194000	4200000	11	gain
18	4221000	4227000	4	gain
18	6543000	6555000	0	loss
18	6573000	6585000	0	loss
18	6861000	6870000	4	gain
18	11172000	11178000	4	gain
18	13428000	13431000	6	gain
18	20748000	20763000	11	gain
18	27132000	27138000	4	gain
18	32814000	32817000	13	gain
18	32904000	32928000	1	loss
18	37521000	37554000	1	loss
18	46881000	46884000	5	gain
18	51102000	51129000	1	loss
18	56070000	56073000	5	gain
18	68547000	68550000	6	gain
18	73665000	73668000	14	gain
18	76497000	76500000	5	gain
18	77472000	77475000	12	gain
18	82203000	82239000	0	loss
18	83502000	83505000	8	gain
18	85716000	85719000	8	gain
18	87795000	87849000	1	loss
18	90423000	90435000	3	gain
18	90435000	90459000	1	loss
18	90459000	90483000	4	gain
18	90489000	90495000	4	gain
19	0	3117000	3	gain
19	3117000	3123000	6	gain
19	3147000	3156000	4	gain
19	3156000	3162000	3	gain
19	3162000	3168000	8	gain
19	3168000	3189000	3	gain
19	6858000	6864000	0	loss
19	8028000	8034000	4	gain
19	8229000	8232000	11	gain
19	8271000	8301000	0	loss
19	9150000	9369000	0	loss
19	9369000	9396000	1	loss
19	9456000	9471000	1	loss
19	9495000	9525000	1	loss
19	9558000	9582000	1	loss
19	9696000	9705000	0	loss
19	9717000	9747000	4	gain
19	9780000	9807000	0	loss
19	9807000	9813000	4	gain
19	9816000	9831000	0	loss
19	11271000	11277000	0	loss
19	12033000	12048000	0	loss
19	12144000	12153000	1	loss
19	13116000	13122000	4	gain
19	13242000	13260000	4	gain
19	13260000	13290000	3	gain
19	13290000	13302000	4	gain
19	13485000	13590000	3	gain
19	21675000	21681000	4	gain
19	23334000	23337000	8	gain
19	27261000	27264000	5	gain
19	28629000	28875000	4	gain
19	29664000	29673000	4	gain
19	33453000	33486000	1	loss
19	33570000	33738000	1	loss
19	38367000	38370000	5	gain
19	39342000	39345000	6	gain
19	39663000	39825000	1	loss
19	41457000	41460000	4	gain
19	45168000	45180000	4	gain
19	47829000	47838000	6	gain
19	48081000	48084000	39	gain
19	53031000	53034000	4	gain
19	54123000	54129000	3	gain
19	56400000	56403000	4	gain
19	56835000	56838000	4	gain
19	56889000	56892000	4	gain
19	58101000	58104000	101	gain
2	5382000	5385000	13	gain
2	6096000	6102000	4	gain
2	10488000	10503000	0	loss
2	20904000	20907000	5	gain
2	22017000	22029000	0	loss
2	22479000	22482000	7	gain
2	22632000	22638000	5	gain
2	23310000	23355000	1	loss
2	26532000	26550000	1	loss
2	35904000	35910000	4	gain
2	37065000	37077000	0	loss
2	39129000	39132000	5	gain
2	39249000	39258000	4	gain
2	40350000	40365000	1	loss
2	41634000	41640000	4	gain
2	42078000	42081000	5	gain
2	47487000	47493000	4	gain
2	50568000	50577000	4	gain
2	52587000	52590000	12	gain
2	54588000	54609000	1	loss
2	62724000	62727000	5	gain
2	69903000	69909000	5	gain
2	70611000	70614000	9	gain
2	72843000	72846000	12	gain
2	82719000	82743000	0	loss
2	85887000	85917000	0	loss
2	86838000	86847000	0	loss
2	88011000	88071000	1	loss
2	89037000	89076000	0	loss
2	90015000	90075000	1	loss
2	90138000	90219000	1	loss
2	93654000	93663000	4	gain
2	98490000	98499000	9451	gain
2	100281000	100608000	1	loss
2	107424000	107433000	4	gain
2	113721000	113724000	11	gain
2	113724000	113778000	3	gain
2	116376000	116394000	5	gain
2	122298000	122361000	0	loss
2	129903000	129909000	4	gain
2	148980000	149013000	3	gain
2	149013000	149022000	1	loss
2	149022000	149103000	3	gain
2	150336000	150390000	1	loss
2	150390000	150396000	4	gain
2	150909000	150963000	1	loss
2	151014000	151026000	6	gain
2	151026000	151134000	3	gain
2	156201000	156204000	7	gain
2	162279000	162282000	7	gain
2	167253000	167256000	5	gain
2	171906000	171909000	5	gain
2	174801000	174909000	3	gain
2	174909000	174975000	4	gain
2	174975000	175023000	6	gain
2	175023000	175083000	3	gain
2	175083000	175131000	1	loss
2	175131000	175578000	0	loss
2	175638000	175677000	3	gain
2	175677000	175836000	0	loss
2	175836000	176763000	1	loss
2	176763000	176769000	5	gain
2	176769000	177015000	1	loss
2	177015000	177093000	0	loss
2	177198000	177219000	6	gain
2	177219000	177234000	5	gain
2	177234000	177537000	1	loss
2	177696000	177711000	3	gain
2	177711000	177729000	1	loss
2	181557000	181575000	6	gain
3	0	3099000	17	gain
3	3099000	3108000	5	gain
3	3114000	3123000	7	gain
3	3189000	3204000	5	gain
3	3267000	3300000	4	gain
3	5925000	5928000	42	gain
3	8310000	8313000	11	gain
3	15444000	15537000	1	loss
3	15666000	15930000	1	loss
3	20613000	20661000	4	gain
3	34905000	34908000	8	gain
3	55995000	56376000	3	gain
3	56481000	56484000	58	gain
3	59454000	59466000	0	loss
3	64323000	64413000	4	gain
3	64473000	64563000	0	loss
3	64731000	64770000	0	loss
3	67587000	67590000	5	gain
3	77505000	77508000	8	gain
3	86877000	86883000	4	gain
3	91074000	91314000	0	loss
3	91752000	91830000	1	loss
3	92121000	92196000	4	gain
3	93570000	93657000	1	loss
3	93657000	93744000	4	gain
3	93993000	94083000	1	loss
3	94122000	94152000	3	gain
3	94614000	94626000	4	gain
3	95949000	95955000	7	gain
3	97317000	97326000	6	gain
3	98364000	98484000	1	loss
3	98484000	98490000	3	gain
3	98490000	98517000	0	loss
3	99888000	99891000	8	gain
3	105153000	105159000	4	gain
3	106029000	106218000	5	gain
3	106269000	106281000	5	gain
3	107850000	107922000	3	gain
3	113502000	113517000	0	loss
3	117171000	117180000	5	gain
3	127491000	127494000	6	gain
3	133509000	133512000	6	gain
3	139824000	139833000	5	gain
3	142248000	142272000	0	loss
3	142272000	142326000	3	gain
3	144450000	144453000	7	gain
3	144507000	144513000	18	gain
3	148758000	148761000	6	gain
3	158334000	158343000	4	gain
4	0	3159000	3	gain
4	3159000	3264000	4	gain
4	15912000	15918000	7	gain
4	41805000	41901000	4	gain
4	42087000	42093000	7	gain
4	42216000	42249000	5	gain
4	42585000	42591000	7	gain
4	49347000	49389000	4	gain
4	57978000	58149000	3	gain
4	60114000	60315000	1	loss
4	60468000	60777000	1	loss
4	61125000	61377000	1	loss
4	61470000	61500000	4	gain
4	61500000	61581000	1	loss
4	61581000	61638000	3	gain
4	70296000	70299000	63	gain
4	88698000	88725000	6	gain
4	111921000	112455000	0	loss
4	112671000	113727000	0	loss
4	115524000	115530000	8	gain
4	118404000	118407000	63	gain
4	121473000	121515000	0	loss
4	121596000	121641000	1	loss
4	121641000	121644000	8	gain
4	121644000	122451000	0	loss
4	122520000	122556000	4	gain
4	143409000	143481000	4	gain
4	143673000	143715000	3	gain
4	143715000	143850000	1	loss
4	145125000	145146000	4	gain
4	145146000	145155000	1	loss
4	145155000	145182000	9	gain
4	145182000	145257000	3	gain
4	145257000	145434000	8	gain
4	145434000	145458000	3	gain
4	145458000	145593000	5	gain
4	145593000	146340000	6	gain
4	146340000	146427000	4	gain
4	146427000	146625000	7	gain
4	146643000	146700000	5	gain
4	146700000	147063000	6	gain
4	147063000	147099000	3	gain
4	147099000	147231000	8	gain
4	147231000	147303000	5	gain
4	147303000	147312000	1	loss
4	147312000	147366000	6	gain
4	147366000	147417000	3	gain
4	147417000	147672000	10	gain
4	147672000	147678000	1	loss
4	147678000	147777000	6	gain
4	147777000	147807000	3	gain
4	147807000	147906000	7	gain
4	156375000	156411000	5	gain
4	156423000	156426000	43	gain
4	156426000	156492000	1	loss
4	156492000	156516000	4	gain
4	156516000	156561000	1	loss
4	156561000	156567000	13	gain
4	156567000	156588000	1	loss
4	156588000	156603000	7	gain
4	156603000	156860686	1	loss
5	10941000	11178000	1	loss
5	11178000	11472000	3	gain
5	11472000	11736000	1	loss
5	11736000	11898000	4	gain
5	11898000	11976000	6	gain
5	14949000	15666000	7	gain
5	15666000	15921000	10	gain
5	26127000	26256000	5	gain
5	26256000	26328000	7	gain
5	26463000	26475000	5	gain
5	88329000	88398000	4	gain
5	94005000	94734000	0	loss
5	94734000	95961000	1	loss
5	104760000	104937000	1	loss
5	105012000	105078000	0	loss
5	105330000	105387000	0	loss
5	115059000	115062000	31	gain
5	138198000	138252000	3	gain
5	145542000	145551000	5	gain
5	145551000	145560000	0	loss
5	145560000	145611000	5	gain
5	145611000	145695000	3	gain
5	145695000	145704000	7	gain
5	145965000	146004000	0	loss
5	146196000	146199000	29	gain
6	0	3204000	3	gain
6	21033000	21048000	0	loss
6	23157000	23166000	6	gain
6	26496000	26529000	0	loss
6	41319000	41325000	4	gain
6	41325000	41442000	1	loss
6	47103000	47145000	0	loss
6	47622000	47745000	7	gain
6	50583000	50601000	5	gain
6	56217000	56220000	31	gain
6	58566000	58578000	6	gain
6	60024000	60411000	0	loss
6	60411000	60471000	3	gain
6	67548000	67554000	5	gain
6	67653000	67710000	5	gain
6	68094000	68100000	5	gain
6	68100000	68121000	1	loss
6	68121000	68133000	4	gain
6	68133000	68190000	1	loss
6	68190000	68199000	5	gain
6	68199000	68214000	0	loss
6	68214000	68250000	5	gain
6	68268000	68280000	5	gain
6	68751000	68802000	0	loss
6	69087000	69168000	0	loss
6	69195000	69381000	0	loss
6	69501000	69669000	0	loss
6	70158000	70182000	0	loss
6	73188000	73197000	5	gain
6	78009000	78012000	14	gain
6	79605000	79611000	11	gain
6	85695000	85728000	0	loss
6	85728000	85767000	5	gain
6	103626000	103629000	8842	gain
6	111543000	111699000	3	gain
6	114474000	114528000	4	gain
6	114528000	114543000	7	gain
6	116523000	116529000	5	gain
6	123387000	123609000	1	loss
6	123831000	124080000	0	loss
6	125574000	125676000	3	gain
6	128871000	128940000	0	loss
6	130059000	130164000	0	loss
6	130200000	130311000	0	loss
6	130569000	130590000	4	gain
6	130719000	130839000	1	loss
6	130839000	130890000	3	gain
6	130890000	130953000	6	gain
6	131469000	131577000	1	loss
6	131802000	131955000	0	loss
7	3720000	3912000	1	loss
7	5658000	5832000	1	loss
7	7302000	8070000	4	gain
7	8070000	8121000	6	gain
7	8121000	8214000	3	gain
7	8214000	8256000	5	gain
7	8256000	8358000	3	gain
7	8358000	8439000	5	gain
7	8439000	9123000	4	gain
7	9123000	9150000	5	gain
7	9150000	9693000	3	gain
7	9693000	9759000	6	gain
7	9759000	9816000	4	gain
7	10491000	10845000	1	loss
7	10986000	11292000	1	loss
7	11742000	11757000	6	gain
7	14409000	14823000	3	gain
7	14823000	14862000	4	gain
7	15006000	15021000	5	gain
7	16989000	17328000	1	loss
7	19833000	20505000	1	loss
7	20688000	22998000	1	loss
7	22998000	23049000	4	gain
7	23367000	23412000	4	gain
7	26478000	26481000	67	gain
7	31368000	32985000	1	loss
7	37977000	38109000	7	gain
7	38109000	38232000	4	gain
7	38493000	38571000	3	gain
7	38571000	38769000	1	loss
7	38769000	38874000	3	gain
7	38874000	39042000	1	loss
7	47199000	47307000	0	loss
7	47379000	47436000	4	gain
7	47892000	47946000	0	loss
7	50589000	50637000	7	gain
7	59061000	59070000	8	gain
7	59382000	59430000	5	gain
7	59430000	59544000	3	gain
7	63723000	63741000	27	gain
7	64125000	64140000	5	gain
7	105480000	105984000	1	loss
7	130659000	130686000	5	gain
7	143187000	143241000	5	gain
8	0	3117000	1	loss
8	4044000	4062000	0	loss
8	19299000	19491000	3	gain
8	19491000	19539000	4	gain
8	19731000	19788000	16	gain
8	19788000	19800000	4	gain
8	19800000	21327000	17	gain
8	21477000	21492000	5	gain
8	21492000	21513000	3	gain
8	21513000	21621000	1	loss
8	21621000	21633000	3	gain
8	21633000	22218000	1	loss
8	23583000	23586000	16	gain
8	27762000	27840000	4	gain
8	55566000	55833000	12	gain
8	55833000	56091000	3	gain
8	61050000	61059000	7	gain
8	69987000	70005000	4	gain
8	72237000	72582000	3	gain
8	72582000	72600000	6	gain
8	72600000	72615000	4	gain
9	3258000	3261000	9	gain
9	3300000	3318000	15	gain
9	17898000	17901000	5	gain
9	18549000	18552000	6	gain
9	19605000	19629000	1	loss
9	19638000	19710000	0	loss
9	24264000	24273000	4	gain
9	24453000	24456000	440	gain
9	30552000	30561000	5	gain
9	32265000	32268000	6	gain
9	33063000	33075000	7	gain
9	34983000	35004000	0	loss
9	35214000	35217000	3778	gain
9	39105000	39120000	0	loss
9	41817000	41823000	5	gain
9	46044000	46047000	7	gain
9	62508000	62514000	4	gain
9	83817000	83823000	5	gain
9	86340000	86343000	5	gain
9	88512000	88701000	3	gain
9	88701000	88719000	5	gain
9	88869000	88977000	3	gain
9	88977000	88998000	1	loss
9	88998000	89025000	4	gain
9	89025000	89049000	1	loss
9	99357000	99360000	5	gain
9	102906000	102909000	6	gain
9	103872000	103914000	4	gain
9	110109000	110112000	11	gain
9	114912000	114915000	5	gain
9	121233000	121242000	4	gain
9	122106000	122109000	6	gain
9	123288000	123294000	14	gain
9	124017000	124020000	5	gain
X	0	3246000	5	gain
X	3246000	3345000	3	gain
X	3345000	3387000	4	gain
X	3387000	3567000	2	gain
X	3567000	3630000	3	gain
X	3630000	3831000	4	gain
X	3831000	3945000	2	gain
X	3945000	4080000	3	gain
X	4080000	4104000	5	gain
X	4104000	4365000	3	gain
X	4431000	4461000	4	gain
X	4668000	4860000	2	gain
X	4860000	5235000	4	gain
X	25965000	26097000	2	gain
X	26703000	26865000	2	gain
X	30768000	30801000	9	gain
X	30801000	30807000	2	gain
X	30807000	30882000	8	gain
X	30882000	30897000	3	gain
X	30936000	31056000	3	gain
X	31221000	31386000	3	gain
X	31599000	31845000	3	gain
X	31845000	32112000	2	gain
X	32394000	32490000	2	gain
X	32490000	32517000	7	gain
X	32517000	32568000	4	gain
X	32724000	33306000	3	gain
X	33306000	33384000	5	gain
X	33384000	33474000	2	gain
X	33474000	33597000	3	gain
X	33828000	33834000	5	gain
X	33834000	33846000	0	loss
X	33846000	33897000	3	gain
X	34449000	34719000	2	gain
X	36501000	36744000	0	loss
X	67074000	67080000	4	gain
X	73731000	73791000	0	loss
X	73791000	73917000	2	gain
X	73917000	73923000	5	gain
X	75642000	75645000	19	gain
X	79257000	79260000	6	gain
X	86280000	86283000	7	gain
X	93918000	94026000	3	gain
X	109905000	109911000	5	gain
X	113142000	113145000	7	gain
X	122031000	122871000	2	gain
X	123126000	123582000	0	loss
X	123882000	124935000	0	loss
X	125598000	125673000	3	gain
X	125673000	125685000	9	gain
X	134205000	134262000	3	gain
X	142266000	142269000	161	gain
X	146553000	148395000	0	loss
X	148395000	148668000	2	gain
X	152778000	153156000	2	gain
X	168750000	169476592	11	gain
Y	0	258000	2	gain
Y	258000	264000	43	gain
Y	264000	357000	2	gain
Y	2778000	2784000	6	gain
Y	7983000	8274000	2	gain
Y	10242000	10704000	0	loss
Y	10704000	10710000	12	gain
Y	11334000	11568000	2	gain
Y	14445000	16017000	0	loss
Y	16017000	16254000	2	gain
Y	19254000	20967000	0	loss
Y	21501000	21750000	3	gain
Y	21750000	22215000	2	gain
Y	23397000	23763000	2	gain
Y	34452000	36042000	2	gain
Y	55530000	55713000	3	gain
Y	57516000	57720000	3	gain
Y	69108000	69225000	2	gain
Y	69225000	69261000	4	gain
Y	74343000	74550000	3	gain
Y	76047000	76251000	3	gain
Y	80805000	81267000	2	gain
Y	81267000	81483000	4	gain
Y	82281000	82917000	2	gain
Y	82917000	83121000	3	gain
Y	83121000	83232000	5	gain
Y	83232000	83496000	3	gain
Y	83916000	85260000	2	gain
Y	90729000	91455967	14	gain
