1	24648960	24655248	77	gain
1	26724000	26728192	16	gain
1	31303760	31312144	5	gain
1	48457424	48463712	5	gain
1	61710432	61716720	6	gain
1	84932016	85045200	5	gain
1	85045200	85187728	7	gain
1	85187728	85206592	3	gain
1	85206592	85437152	7	gain
1	85437152	85464400	3	gain
1	85464400	85581776	6	gain
1	87969120	87977504	8	gain
1	88136800	88239504	12	gain
1	89144976	89151264	5	gain
1	93775040	93915472	1	loss
1	100151072	100159456	6	gain
1	110098688	110104976	7	gain
1	126372032	126443296	1	loss
1	139595696	139744512	1	loss
1	139830448	140071488	3	gain
1	149928976	149975088	3	gain
1	149975088	149981376	5	gain
1	170891072	170912032	4	gain
1	171333328	171352192	4	gain
1	171352192	171410880	12	gain
1	173345488	173414656	0	loss
1	173475440	173511072	0	loss
1	173741632	173812896	3	gain
1	177684208	177828832	3	gain
1	190031744	190035936	9	gain
10	3169152	3175440	5	gain
10	3196400	3202688	4	gain
10	5340608	5344800	5	gain
10	6604496	6610784	4	gain
10	7312944	7331808	0	loss
10	7369536	7388400	1	loss
10	7388400	7440800	3	gain
10	8021392	8025584	5	gain
10	12261600	12269984	4	gain
10	13768624	13774912	4	gain
10	15510400	15516688	5	gain
10	17013232	17023712	5	gain
10	19855408	19861696	4	gain
10	21907392	22049920	1	loss
10	22131664	22148432	0	loss
10	22148432	22236464	3	gain
10	25812240	25818528	4	gain
10	28794848	28809520	0	loss
10	28809520	28817904	4	gain
10	30930672	30936960	5	gain
10	32374816	32381104	5	gain
10	33626128	33640800	0	loss
10	35227472	35233760	5	gain
10	35552352	35558640	5	gain
10	37830704	37841184	0	loss
10	38811632	38815824	6	gain
10	42253264	42259552	6	gain
10	43684832	43689024	6	gain
10	45564944	45569136	5	gain
10	45715856	45720048	5	gain
10	46789008	46793200	6	gain
10	47315104	47319296	5	gain
10	48107392	48113680	5	gain
10	50909744	50916032	5	gain
10	51098384	51106768	4	gain
10	51984992	51991280	4	gain
10	52636848	52641040	5	gain
10	53768688	53777072	4	gain
10	55908704	55912896	6	gain
10	56015600	56019792	5	gain
10	56124592	56130880	4	gain
10	56162320	56170704	4	gain
10	56577328	56583616	4	gain
10	57554064	57560352	5	gain
10	57985840	58075968	3	gain
10	58864064	58868256	6	gain
10	63345312	63355792	4	gain
10	63498320	63504608	4	gain
10	63609408	63615696	4	gain
10	64039088	64043280	5	gain
10	69031760	69038048	5	gain
10	70626816	70635200	4	gain
10	70719040	70725328	5	gain
10	72131744	72133840	174	gain
10	73412400	73420784	5	gain
10	78639824	78646112	5	gain
10	79149152	79174304	3	gain
10	81513440	81832032	1	loss
10	82223984	82230272	5	gain
10	85692864	85697056	5	gain
10	87931392	87937680	4	gain
10	91167616	91173904	5	gain
10	92890528	92894720	6	gain
10	97591856	97596048	5	gain
10	98174544	98178736	6	gain
10	99174336	99178528	8	gain
10	100138496	100142688	6	gain
10	100174128	100218144	4	gain
10	100268448	100272640	5	gain
10	101404480	101408672	5	gain
10	104064304	104070592	5	gain
10	105917168	105921360	5	gain
10	106227376	106237856	4	gain
10	107682000	107688288	5	gain
10	110199296	110205584	5	gain
10	110683472	110689760	4	gain
10	111888672	111894960	4	gain
10	113047760	113051952	5	gain
10	118046720	118189248	1	loss
10	118746784	118753072	5	gain
10	118901888	118903984	16	gain
10	119601952	119606144	5	gain
10	121542848	121549136	5	gain
10	121897072	121905456	6	gain
10	122071040	122077328	5	gain
10	122467184	122473472	5	gain
10	123326544	123332832	4	gain
10	129025568	129031856	4	gain
11	0	3133520	10	gain
11	3133520	3150288	96	gain
11	8002528	8004624	39	gain
11	9694000	9698192	5	gain
11	10385680	10394064	4	gain
11	10480000	10486288	4	gain
11	10993520	10999808	4	gain
11	11092032	11096224	5	gain
11	11561536	11565728	6	gain
11	13766528	13770720	5	gain
11	16640144	16644336	5	gain
11	17461776	17468064	5	gain
11	17530944	17533040	6	gain
11	18029792	18033984	6	gain
11	18574752	18578944	6	gain
11	18723568	18729856	4	gain
11	23785408	23789600	5	gain
11	24825024	24829216	5	gain
11	25508320	25512512	5	gain
11	26619200	26625488	4	gain
11	27331840	27336032	7	gain
11	27795056	27870512	1	loss
11	28298096	28304384	5	gain
11	29358672	29371248	0	loss
11	31110928	31167520	1	loss
11	31544800	31548992	5	gain
11	34489680	34514832	3	gain
11	34514832	34521120	11	gain
11	34521120	34542080	3	gain
11	34563040	34571424	8	gain
11	37524688	37530976	5	gain
11	37904064	37910352	5	gain
11	38138816	38145104	4	gain
11	38792768	38801152	4	gain
11	40121632	40140496	3	gain
11	40232720	40239008	4	gain
11	40729472	40735760	5	gain
11	41521760	41523856	16	gain
11	41769088	41773280	5	gain
11	42670368	42676656	5	gain
11	43196464	43200656	5	gain
11	45502064	45504160	7	gain
11	46489280	46495568	5	gain
11	46650672	46654864	5	gain
11	47319296	47325584	5	gain
11	48344240	48348432	5	gain
11	48358912	48367296	5	gain
11	48824224	48874528	1	loss
11	48897584	48956272	1	loss
11	49356608	49381760	0	loss
11	49796768	49800960	5	gain
11	50907648	50945376	4	gain
11	54026496	54032784	4	gain
11	56068000	56072192	5	gain
11	56623440	56629728	4	gain
11	58400848	58526608	3	gain
11	58977248	58981440	8	gain
11	60452832	60461216	5	gain
11	60517808	60532480	4	gain
11	60555536	60580688	4	gain
11	62844368	62846464	7	gain
11	62859040	62865328	5	gain
11	62972224	62974320	7	gain
11	63691152	63695344	5	gain
11	66841440	66845632	4	gain
11	70987328	71062784	3	gain
11	71062784	71098416	1	loss
11	71098416	71104704	3	gain
11	71104704	71199024	0	loss
11	71268192	71274480	5	gain
11	73487856	73508816	3	gain
11	73747760	73775008	1	loss
11	74192112	74204688	4	gain
11	74774800	74778992	6	gain
11	81320608	81326896	6	gain
11	82852784	82854880	7	gain
11	83016272	83064480	1	loss
11	83102208	83135744	1	loss
11	83578000	83598960	5	gain
11	86068048	86074336	5	gain
11	86703136	86707328	5	gain
11	86778592	86780688	6	gain
11	88780272	88788656	9	gain
11	88971008	88973104	11	gain
11	89444704	89450992	5	gain
11	90469648	90475936	4	gain
11	90792432	90798720	4	gain
11	91333200	91339488	4	gain
11	92486000	92492288	5	gain
11	99585152	99624976	3	gain
11	99715104	99723488	4	gain
11	99773792	99780080	5	gain
11	99813616	99817808	5	gain
11	101630848	101632944	7	gain
11	104540096	104546384	5	gain
11	105956992	105959088	14	gain
11	107998496	108004784	4	gain
11	108901872	108903968	70	gain
11	109671104	109673200	6	gain
11	111073328	111081712	3	gain
11	113802320	113808608	6	gain
11	114898528	114936256	1	loss
11	115644704	115653088	6	gain
11	116634016	116659168	4	gain
11	118275184	118279376	6	gain
12	3158672	3160768	16490	gain
12	8492992	8522336	0	loss
12	18268736	18442704	5	gain
12	18677456	18702608	4	gain
12	18702608	18794832	3	gain
12	18794832	18884960	5	gain
12	18884960	19075696	4	gain
12	19075696	19224512	6	gain
12	19224512	19364944	4	gain
12	19364944	19496992	3	gain
12	19496992	19603888	4	gain
12	19603888	19637424	5	gain
12	19637424	19712880	3	gain
12	19712880	19721264	6	gain
12	19721264	20113216	3	gain
12	20113216	20285088	4	gain
12	20285088	20375216	6	gain
12	20375216	21041744	4	gain
12	21041744	21167504	3	gain
12	21618144	21645392	4	gain
12	21739712	21775344	1	loss
12	21775344	21943024	3	gain
12	21943024	22301440	1	loss
12	22492176	23064384	1	loss
12	23141936	23240448	5	gain
12	23647072	23655456	5	gain
12	23854576	24074656	1	loss
12	24124960	24137536	4	gain
12	24137536	24407920	1	loss
12	52263760	52270048	5	gain
12	55137376	55328112	1	loss
12	82050016	82112896	1	loss
12	88023616	88086496	0	loss
12	88161952	88273040	3	gain
12	92852800	92859088	5	gain
12	103701696	103928064	1	loss
12	109088416	109109376	0	loss
12	112741744	112748032	6	gain
12	113531936	113584336	3	gain
12	113584336	113670272	5	gain
12	113670272	113760400	3	gain
12	114083184	114106240	4	gain
12	114766480	114812592	5	gain
12	115059920	115141664	1	loss
12	115141664	115171008	5	gain
12	115458160	115648896	3	gain
12	115766272	115797712	5	gain
13	4386928	4397408	4	gain
13	12888304	13144016	1	loss
13	13144016	13443744	3	gain
13	19115520	19121808	19	gain
13	19419440	19467648	0	loss
13	23079056	23167088	1	loss
13	33508752	33619840	1	loss
13	33798000	33808480	4	gain
13	33808480	33814768	1	loss
13	33814768	33856688	4	gain
13	34045328	34053712	4	gain
13	49899472	49901568	8	gain
13	50341728	50532464	3	gain
13	50781888	51058560	3	gain
13	58323296	58327488	58	gain
13	58805376	59515920	4	gain
13	61783792	61876016	0	loss
13	61876016	61903264	3	gain
13	61903264	61920032	5	gain
13	62010160	62144304	0	loss
13	62192512	62198800	6	gain
13	62198800	62223952	0	loss
13	62223952	62230240	8	gain
13	62240720	62337136	7	gain
13	62536256	62553024	7	gain
13	62553024	62580272	3	gain
13	62580272	62584464	8	gain
13	62647344	62689264	5	gain
13	62706032	62714416	8	gain
13	62861136	62871616	8	gain
13	65466464	65514672	3	gain
13	65577552	65627856	3	gain
13	65627856	65644624	6	gain
13	65655104	65690736	6	gain
13	65753616	65780864	6	gain
13	65795536	65812304	7	gain
13	65812304	65864704	4	gain
13	65864704	65870992	13	gain
13	65885664	65961120	3	gain
13	66120416	66216832	4	gain
13	66359360	66392896	4	gain
13	66415952	66436912	3	gain
13	66436912	66457872	7	gain
13	66457872	66535424	1	loss
13	66535424	66571056	3	gain
13	66571056	66646512	8	gain
13	66646512	66736640	1	loss
13	66736640	66742928	8	gain
13	66742928	66763888	1	loss
13	66763888	66874976	5	gain
13	66874976	66937856	3	gain
13	66937856	66950432	8	gain
13	66950432	66967200	1	loss
13	68034064	68040352	6	gain
13	68266720	68589504	1	loss
13	68589504	68597888	7	gain
13	68597888	68644000	1	loss
13	74676288	74680480	9	gain
13	77585536	77587632	53	gain
13	85806048	85841680	0	loss
13	100408880	100496912	1	loss
13	120339744	120352320	4	gain
13	120352320	120369088	1	loss
13	120369088	120375376	16	gain
13	120427776	120431968	15	gain
13	120431968	120486464	1	loss
13	120486464	120499040	28	gain
13	120499040	120553536	1	loss
13	120553536	120557728	34	gain
13	120557728	120626896	1	loss
14	3456304	3462592	5	gain
14	14915136	14927712	5	gain
14	15074432	15227440	1	loss
14	15227440	15363680	0	loss
14	15468480	15481056	4	gain
14	15527168	15541840	5	gain
14	15541840	15965232	1	loss
14	15965232	16038592	5	gain
14	16038592	16420064	1	loss
14	16420064	16470368	0	loss
14	16470368	16506000	4	gain
14	16506000	16550016	0	loss
14	16550016	16556304	4	gain
14	16556304	17608496	1	loss
14	17608496	17625264	3	gain
14	17625264	17669280	7	gain
14	17669280	18027696	1	loss
14	18027696	18057040	3	gain
14	18057040	18103152	8	gain
14	18176512	18201664	7	gain
14	18451088	18497200	0	loss
14	18497200	19585024	1	loss
14	19647904	19673056	5	gain
14	40983088	41087888	4	gain
14	41087888	41146576	1	loss
14	41146576	41303776	3	gain
14	41303776	41339408	1	loss
14	41339408	41387616	4	gain
14	41387616	41433728	3	gain
14	41433728	41446304	7	gain
14	41446304	41762800	3	gain
14	41762800	41806816	6	gain
14	41873888	41926288	3	gain
14	41926288	41955632	1	loss
14	41955632	41964016	5	gain
14	41993360	42037376	4	gain
14	42037376	42200864	1	loss
14	42324528	42538320	1	loss
14	42605392	42879968	4	gain
14	42879968	42911408	6	gain
14	42911408	42949136	4	gain
14	42949136	42986864	3	gain
14	42986864	43022496	1	loss
14	43022496	43227904	3	gain
14	43227904	43766576	0	loss
14	43806400	43821072	6	gain
14	43821072	43871376	3	gain
14	43871376	43955216	4	gain
14	43955216	44022288	1	loss
14	44064208	44328304	1	loss
14	44361840	44948720	0	loss
14	51477760	51494528	4	gain
14	53022512	53045568	5	gain
14	53045568	53280320	3	gain
14	53324336	53334816	5	gain
14	53427040	53613584	3	gain
14	53733056	53879776	4	gain
14	53879776	53955232	3	gain
14	53955232	54011824	4	gain
14	56158128	56204240	4	gain
14	69490784	69928848	1	loss
14	90530432	90538816	8	gain
14	108690176	108778208	1	loss
15	3837776	3856640	1	loss
15	4441424	4443520	11	gain
15	4883680	4887872	4	gain
15	6700912	6711392	3	gain
15	6711392	6713488	7	gain
15	9044240	9052624	1	loss
15	9218208	9224496	5	gain
15	9312528	9329296	1	loss
15	9329296	9406848	3	gain
15	13112576	13116768	5	gain
15	13797968	13800064	5	gain
15	14493840	14502224	0	loss
15	14724400	14732784	3	gain
15	15042992	15068144	1	loss
15	15787072	15789168	6	gain
15	17159952	17164144	4	gain
15	19524240	19532624	0	loss
15	20480016	20498880	1	loss
15	22779328	22798192	1	loss
15	22798192	22808672	4	gain
15	28423856	28434336	0	loss
15	30746224	30748320	6	gain
15	32856896	32879952	3	gain
15	33816864	33831536	1	loss
15	33831536	33839920	13	gain
15	33984544	33988736	4	gain
15	34942416	34944512	5	gain
15	36130848	36137136	4	gain
15	37466000	37472288	3	gain
15	38396624	38398720	5	gain
15	38478368	38484656	3	gain
15	44516944	44521136	5	gain
15	45116400	45122688	0	loss
15	47034240	47061488	1	loss
15	49184736	49191024	3	gain
15	49390144	49394336	0	loss
15	55896128	55900320	5	gain
15	56778544	56786928	1	loss
15	60012672	60014768	37	gain
15	63647136	63695344	1	loss
15	63695344	63701632	4	gain
15	63701632	63787568	1	loss
15	65701216	65705408	4	gain
15	66872880	66879168	4	gain
15	67405264	67409456	4	gain
15	68505664	68511952	0	loss
15	74236128	74238224	5	gain
15	74957152	74959248	95	gain
15	75344912	75411984	3	gain
15	76443216	76447408	5	gain
15	77331920	77363360	1	loss
15	77541520	77583440	3	gain
15	79754896	79756992	6	gain
15	82247040	82253328	3	gain
15	82387472	82393760	0	loss
15	83810656	83814848	4	gain
15	85059872	85061968	8	gain
15	88916512	88926992	3	gain
15	89501296	89507584	3	gain
15	89826176	89849232	3	gain
15	90524144	90526240	5	gain
15	91012512	91020896	0	loss
15	96369888	96371984	5	gain
15	96979824	96981920	6	gain
15	97378064	97384352	3	gain
15	98205984	98216464	4	gain
15	99633360	99635456	172	gain
15	100230720	100276832	3	gain
15	102288992	102305760	3	gain
15	103550784	103628336	1	loss
15	103661872	103666064	5	gain
16	8319024	8321120	7	gain
16	10735712	10742000	0	loss
16	10792304	10794400	106	gain
16	10959984	10962080	14	gain
16	15898160	15904448	0	loss
16	17038384	17040480	17	gain
16	18870288	18884960	4	gain
16	18884960	18899632	1	loss
16	18926880	18943648	1	loss
16	18981376	18989760	0	loss
16	19547296	19551488	0	loss
16	20083872	20085968	56	gain
16	20821664	20832144	4	gain
16	35801776	35803872	7	gain
16	36193728	36239840	3	gain
16	36239840	36254512	4	gain
16	43588416	43590512	7	gain
16	46470416	46472512	16	gain
16	50628880	50630976	6	gain
16	57210320	57212416	67	gain
16	59031744	59086240	1	loss
16	59180560	59184752	6	gain
16	63653424	63655520	10	gain
16	70069280	70071376	5	gain
16	71582592	71590976	5	gain
16	74571488	74575680	6	gain
16	76357280	76359376	8	gain
16	81876048	81897008	1	loss
16	86617200	86619296	9	gain
16	90138480	90146864	4	gain
16	91331104	91333200	22	gain
16	93481600	93483696	14	gain
16	93584304	93586400	5	gain
16	94613440	94615536	8	gain
16	97770016	97776304	4	gain
17	4296800	4298896	9	gain
17	6399088	6684144	1	loss
17	6765888	6948240	1	loss
17	7187184	7193472	4	gain
17	7193472	7218624	1	loss
17	9997920	10008400	4	gain
17	13246720	13280256	3	gain
17	13320080	13460512	4	gain
17	13468896	13609328	4	gain
17	13609328	13674304	3	gain
17	17214448	17252176	3	gain
17	17403088	17447104	3	gain
17	18344192	18388208	0	loss
17	19170016	19214032	0	loss
17	19214032	19218224	3	gain
17	19218224	19620656	0	loss
17	21339376	21345664	4	gain
17	21345664	21395968	1	loss
17	22749984	22810768	4	gain
17	22810768	22867360	5	gain
17	22873648	22882032	6	gain
17	23148224	23372496	1	loss
17	23508736	23517120	7	gain
17	23517120	23529696	3	gain
17	23529696	23533888	6	gain
17	23546464	23550656	12	gain
17	23550656	23561136	3	gain
17	23561136	23567424	6	gain
17	23575808	23582096	4	gain
17	23649168	23659648	6	gain
17	23659648	23695280	3	gain
17	23695280	23699472	9	gain
17	23699472	23728816	3	gain
17	23728816	23741392	15	gain
17	23749776	23753968	5	gain
17	24114480	24124960	3	gain
17	24124960	24141728	1	loss
17	31429520	31548992	4	gain
17	33389280	33418624	3	gain
17	34175280	34189952	6	gain
17	34213008	34221392	5	gain
17	34437280	34441472	11	gain
17	34982240	34986432	6	gain
17	35464320	35474800	4	gain
17	35474800	35491568	6	gain
17	35491568	35514624	3	gain
17	35514624	35560736	6	gain
17	35560736	35602656	3	gain
17	35602656	35627808	1	loss
17	35627808	35793392	3	gain
17	36369792	36401232	3	gain
17	36401232	36441056	0	loss
17	36468304	36495552	1	loss
17	36495552	36503936	6	gain
17	36503936	36541664	3	gain
17	36541664	36550048	6	gain
17	37044704	37074048	0	loss
17	38794864	38968832	3	gain
17	40079712	40115344	1	loss
17	40153072	40161456	255	gain
17	40228528	40278832	3	gain
17	40490528	40494720	5	gain
17	40672880	40693840	1	loss
17	48430176	48465808	3	gain
17	48503536	48509824	5	gain
17	49748560	49754848	5	gain
17	52022720	52029008	4	gain
17	55298768	55311344	0	loss
17	56311136	56313232	8	gain
17	69251840	69256032	6	gain
17	75068240	75072432	6	gain
17	76514480	76518672	5	gain
17	81465232	81471520	5	gain
17	88994064	88996160	7	gain
17	90102848	90123808	3	gain
17	94971856	94978144	5	gain
18	0	3112560	3	gain
18	3112560	3120944	10	gain
18	4194096	4198288	13	gain
18	4221344	4227632	4	gain
18	6541616	6554192	0	loss
18	6573056	6585632	0	loss
18	6860208	6870688	4	gain
18	9679328	9689808	3	gain
18	11169584	11177968	4	gain
18	12485872	12490064	4	gain
18	13380864	13382960	6	gain
18	13429072	13431168	9	gain
18	19367040	19381712	1	loss
18	20748304	20762976	10	gain
18	24665728	24672016	4	gain
18	27132720	27136912	5	gain
18	30146768	30148864	5	gain
18	32812880	32819168	7	gain
18	32892528	32903008	3	gain
18	32903008	32926064	1	loss
18	34030656	34034848	5	gain
18	37520496	37556128	1	loss
18	37556128	37568704	3	gain
18	45179280	45187664	1	loss
18	46881232	46883328	6	gain
18	47522608	47524704	5	gain
18	48838896	48845184	4	gain
18	51102576	51131920	1	loss
18	56072192	56074288	7	gain
18	56809984	56812080	5	gain
18	60578592	60580688	6	gain
18	68208032	68210128	5	gain
18	68545488	68549680	6	gain
18	73666016	73668112	21	gain
18	76495616	76497712	6	gain
18	77472352	77474448	17	gain
18	82205120	82240752	0	loss
18	82626416	82628512	5	gain
18	83502544	83504640	11	gain
18	85055680	85072448	1	loss
18	85715920	85718016	10	gain
18	87795152	87849648	1	loss
18	90427728	90434016	4	gain
18	90434016	90459168	1	loss
18	90459168	90482224	4	gain
18	90490608	90494800	5	gain
19	0	3116752	3	gain
19	3116752	3123040	5	gain
19	3123040	3146096	3	gain
19	3146096	3156576	4	gain
19	3160768	3164960	9	gain
19	3164960	3173344	4	gain
19	6856016	6862304	0	loss
19	8027680	8036064	4	gain
19	8228896	8230992	17	gain
19	8270816	8300160	0	loss
19	9149040	9367024	0	loss
19	9367024	9394272	1	loss
19	9528416	9530512	4	gain
19	9557760	9580816	1	loss
19	9694000	9706576	0	loss
19	9717056	9746400	4	gain
19	9779936	9805088	0	loss
19	9809280	9813472	5	gain
19	9813472	9832336	0	loss
19	11270192	11276480	0	loss
19	12033136	12047808	0	loss
19	13240432	13303312	3	gain
19	13481472	13592560	3	gain
19	15820608	15822704	5	gain
19	21676832	21681024	4	gain
19	23334768	23336864	9	gain
19	24890000	24896288	0	loss
19	27262672	27264768	6	gain
19	28629264	28874496	4	gain
19	29666784	29670976	4	gain
19	33454256	33485696	1	loss
19	33569536	33737216	1	loss
19	38367280	38371472	5	gain
19	39339824	39344016	6	gain
19	39664704	39826096	1	loss
19	40496816	40498912	5	gain
19	45168800	45179280	4	gain
19	47828624	47837008	7	gain
19	48082240	48084336	52	gain
19	48966752	48970944	4	gain
19	53030896	53032992	5	gain
19	54125008	54129200	4	gain
19	56835136	56837232	5	gain
19	56889632	56891728	6	gain
19	58101120	58103216	153	gain
2	6095168	6101456	5	gain
2	12643072	12647264	5	gain
2	20903408	20905504	7	gain
2	22016384	22028960	0	loss
2	22477504	22481696	6	gain
2	37065664	37076144	0	loss
2	39249696	39258080	6	gain
2	42079296	42081392	7	gain
2	47489072	47493264	5	gain
2	69903696	69907888	6	gain
2	72842288	72844384	14	gain
2	82718640	82743792	0	loss
2	85887792	85917136	0	loss
2	88008944	88071824	1	loss
2	89038080	89075808	0	loss
2	90014816	90073504	1	loss
2	90138480	90218128	1	loss
2	98491040	98499424	42901	gain
2	100283120	100608000	1	loss
2	107424192	107432576	4	gain
2	113718480	113779264	3	gain
2	116376208	116392976	4	gain
2	122295312	122362384	0	loss
2	148979488	149013024	3	gain
2	149013024	149023504	1	loss
2	149023504	149103152	3	gain
2	150335600	150392192	1	loss
2	150392192	150398480	3	gain
2	151012608	151027280	5	gain
2	151027280	151134176	3	gain
2	156200208	156204400	5	gain
2	174802208	174909104	3	gain
2	174909104	174976176	4	gain
2	174976176	175022288	7	gain
2	175022288	175083072	3	gain
2	175083072	175129184	1	loss
2	175129184	175575632	0	loss
2	175674144	176766160	1	loss
2	176766160	176768256	6	gain
2	176768256	177013488	1	loss
2	177013488	177093136	0	loss
2	177195840	177229376	6	gain
2	177229376	177237760	3	gain
2	177237760	177359328	1	loss
2	177359328	177405440	3	gain
2	177405440	177537488	1	loss
2	181557616	181574384	6	gain
3	0	3106272	15	gain
3	3114656	3123040	7	gain
3	3188016	3204784	5	gain
3	3265568	3299104	5	gain
3	5925392	5927488	63	gain
3	15443328	15537648	1	loss
3	15665504	15929600	1	loss
3	20614160	20662368	4	gain
3	34900496	34908880	6	gain
3	55994640	56376112	3	gain
3	56480912	56485104	43	gain
3	64324144	64414272	4	gain
3	64472960	64560992	0	loss
3	64730768	64768496	0	loss
3	77503792	77507984	7	gain
3	91075392	91316432	0	loss
3	92121296	92196752	3	gain
3	93661856	93743600	4	gain
3	93993024	94122976	1	loss
3	94122976	94150224	4	gain
3	94613440	94626016	4	gain
3	97317280	97325664	6	gain
3	98392528	98518288	1	loss
3	106030352	106216896	5	gain
3	106269296	106281872	4	gain
3	107851776	107920944	3	gain
3	139824160	139832544	5	gain
3	142249232	142272288	0	loss
3	142272288	142326784	3	gain
3	144508720	144510816	49	gain
4	0	3265568	3	gain
4	41804720	41901136	4	gain
4	42215536	42251168	4	gain
4	60096512	61377168	1	loss
4	88698528	88725776	5	gain
4	111922208	112456688	0	loss
4	112666288	113731056	0	loss
4	113731056	114154448	1	loss
4	121597344	122452512	0	loss
4	122452512	122584560	3	gain
4	143408320	143729008	3	gain
4	145124944	145256992	4	gain
4	145256992	145433056	7	gain
4	145433056	145592352	4	gain
4	145592352	146340624	6	gain
4	146340624	146426560	3	gain
4	146426560	146585856	9	gain
4	146585856	147063744	5	gain
4	147099376	147365568	6	gain
4	147365568	147417968	3	gain
4	147417968	147774288	9	gain
4	147774288	147807824	3	gain
4	147807824	147906336	7	gain
4	156376272	156409808	7	gain
4	156409808	156860686	1	loss
5	10941120	11177968	1	loss
5	11177968	11471408	3	gain
5	11737600	11898992	3	gain
5	11898992	11974448	6	gain
5	14952864	15061856	8	gain
5	15061856	15068144	1	loss
5	15068144	15921216	9	gain
5	26126640	26256592	4	gain
5	26256592	26327856	7	gain
5	26462000	26476672	4	gain
5	88329632	88386224	4	gain
5	94005600	94735008	0	loss
5	94735008	95959072	1	loss
5	104760176	104938336	1	loss
5	105011696	105076672	0	loss
5	105330288	105384784	0	loss
5	115059920	115062016	43	gain
5	138199760	138252160	3	gain
5	145560912	145611216	5	gain
5	145611216	145695056	3	gain
5	145695056	145705536	6	gain
5	145965440	146003168	0	loss
6	0	3202688	3	gain
6	21033360	21048032	0	loss
6	23158704	23164992	8	gain
6	26497632	26529072	0	loss
6	41320544	41324736	5	gain
6	41324736	41442112	1	loss
6	47101312	47145328	0	loss
6	47623216	47746880	7	gain
6	50584864	50599536	7	gain
6	58566432	58581104	5	gain
6	60023152	60413008	0	loss
6	60413008	60469600	3	gain
6	67583424	67587616	7	gain
6	67652592	67709184	5	gain
6	68092752	68101136	4	gain
6	68101136	68120000	1	loss
6	68120000	68134672	4	gain
6	68134672	68187072	1	loss
6	68187072	68197552	5	gain
6	68197552	68212224	1	loss
6	68212224	68249952	5	gain
6	68266720	68279296	4	gain
6	68750896	68803296	0	loss
6	69088352	69170096	0	loss
6	69195248	69379696	0	loss
6	69499168	69671040	0	loss
6	79606080	79612368	6	gain
6	85692864	85726400	0	loss
6	85726400	85774608	5	gain
6	103624144	103626240	14037	gain
6	111540736	111697936	3	gain
6	114473040	114527536	4	gain
6	114527536	114544304	7	gain
6	116525024	116529216	6	gain
6	123387328	123609504	1	loss
6	123829584	124081104	0	loss
6	125575552	125676160	3	gain
6	128870464	128939632	0	loss
6	130058896	130163696	0	loss
6	130199328	130310416	0	loss
6	130568224	130591280	4	gain
6	130719136	130838608	1	loss
6	130838608	130891008	3	gain
6	130891008	130953888	6	gain
6	131469504	131578496	1	loss
6	131802768	131955776	0	loss
7	3718304	3913232	1	loss
7	5659200	5831072	1	loss
7	7302464	8069600	4	gain
7	8069600	8119904	6	gain
7	8119904	8214224	3	gain
7	8214224	8258240	5	gain
7	8258240	8358848	3	gain
7	8358848	8438496	6	gain
7	8438496	9123888	3	gain
7	9123888	9149040	5	gain
7	9149040	9694000	3	gain
7	9694000	9758976	6	gain
7	9758976	9815568	4	gain
7	10490480	10844704	1	loss
7	10985136	11293248	1	loss
7	11743888	11756464	6	gain
7	14407904	14822912	3	gain
7	14822912	14862736	4	gain
7	15005264	15022032	5	gain
7	16990176	17327632	1	loss
7	19832352	20505168	1	loss
7	20685424	22997312	1	loss
7	22997312	23049712	4	gain
7	23370400	23410224	4	gain
7	31366640	32986848	1	loss
7	37975328	38109472	7	gain
7	38109472	38233136	4	gain
7	38493040	38572688	3	gain
7	38572688	38767616	1	loss
7	38767616	38874512	3	gain
7	38874512	39046384	1	loss
7	47199824	47306720	0	loss
7	47377984	47440864	4	gain
7	47891504	47946000	0	loss
7	50589056	50637264	8	gain
7	59381776	59394352	7	gain
7	59394352	59545264	3	gain
7	63722592	63741456	25	gain
7	105479104	105984240	1	loss
7	130658352	130683504	4	gain
7	143190336	143240640	5	gain
8	0	3114656	1	loss
8	4043184	4062048	0	loss
8	19490704	19536816	5	gain
8	19729648	21326800	16	gain
8	21477712	21490288	6	gain
8	21490288	21513344	3	gain
8	21513344	21622336	1	loss
8	21622336	21632816	4	gain
8	21632816	22217600	1	loss
8	27763616	27839072	4	gain
8	55564960	55833248	9	gain
8	55833248	56088960	3	gain
8	61052288	61058576	7	gain
8	69983344	70004304	4	gain
8	72236544	72578192	3	gain
8	72578192	72613824	5	gain
8	90643616	90652000	4	gain
8	124265552	124326336	1	loss
8	124326336	124328432	6	gain
9	3301200	3317968	16	gain
9	4259072	4261168	6	gain
9	17897744	17899840	6	gain
9	18549600	18551696	7	gain
9	19605984	19624848	0	loss
9	19637424	19710784	0	loss
9	24263296	24273776	4	gain
9	24451936	24454032	656	gain
9	30551296	30561776	4	gain
9	32265824	32267920	8	gain
9	33064400	33072784	9	gain
9	34982240	35005296	0	loss
9	35214896	35216992	5370	gain
9	39107168	39117648	0	loss
9	41817296	41823584	5	gain
9	46042832	46047024	5	gain
9	62506912	62513200	4	gain
9	83816944	83823232	4	gain
9	86340528	86344720	5	gain
9	88511984	88700624	3	gain
9	88700624	88717392	5	gain
9	88998256	89025504	3	gain
9	89025504	89046464	1	loss
9	99358784	99360880	7	gain
9	102905216	102907312	7	gain
9	103871472	103913392	4	gain
9	110109168	110111264	14	gain
9	111354192	111356288	6	gain
9	114911104	114915296	6	gain
9	121234736	121243120	4	gain
9	122106672	122108768	7	gain
9	123288816	123293008	18	gain
9	124018224	124020320	7	gain
X	0	3244608	5	gain
X	3244608	3387136	4	gain
X	3387136	3586256	2	gain
X	3586256	3779088	4	gain
X	3779088	4080912	3	gain
X	4080912	4103968	5	gain
X	4103968	4359680	3	gain
X	4430944	4462384	4	gain
X	4667792	4858528	2	gain
X	4858528	5235808	4	gain
X	25965248	26097296	2	gain
X	30769280	30882464	7	gain
X	30947440	31056432	3	gain
X	31224112	31429520	3	gain
X	31597200	31938848	3	gain
X	31938848	32112816	2	gain
X	32393680	32490096	2	gain
X	32490096	32517344	6	gain
X	32517344	32567648	4	gain
X	32724848	33305440	3	gain
X	33305440	33382992	5	gain
X	33382992	33475216	2	gain
X	33475216	33596784	3	gain
X	36501840	36744976	0	loss
X	73795968	73934304	2	gain
X	93917568	94024464	3	gain
X	122029120	122871712	2	gain
X	123127424	123582256	0	loss
X	123827488	124934176	0	loss
X	134204784	134261376	3	gain
X	146554416	148396800	0	loss
X	152779536	153156816	2	gain
X	168748960	168805552	10	gain
X	168805552	169476592	3	gain
Y	0	257808	2	gain
Y	257808	264096	43	gain
Y	264096	356320	2	gain
Y	2777200	2783488	5	gain
Y	2875712	2882000	6	gain
Y	10243152	10704272	0	loss
Y	10704272	10710560	11	gain
Y	11335168	11567824	2	gain
Y	14445632	16017632	0	loss
Y	16017632	16254480	2	gain
Y	19247568	20966288	0	loss
Y	21500768	21750192	3	gain
Y	21750192	22393664	2	gain
Y	23397648	23762352	2	gain
Y	31289088	31295376	4	gain
Y	34447760	36042816	2	gain
Y	41077408	41259760	2	gain
Y	55531424	55711680	3	gain
Y	56126688	56151840	4	gain
Y	57518432	57715456	3	gain
Y	58855680	58861968	4	gain
Y	58861968	61387648	0	loss
Y	69109312	69224592	2	gain
Y	69224592	69256032	4	gain
Y	74343024	74548432	3	gain
Y	76047072	76250384	3	gain
Y	78021504	78229008	2	gain
Y	80804992	81268208	2	gain
Y	81268208	81488288	4	gain
Y	82282672	82917760	2	gain
Y	82917760	83121072	3	gain
Y	83121072	83221680	5	gain
Y	83221680	83479488	3	gain
Y	83915456	84730800	2	gain
Y	85166768	85258992	2	gain
Y	89134496	89144976	4	gain
Y	89144976	89316848	2	gain
Y	90727456	91455967	14	gain
