1	0	98910	5	gain
1	131880	216660	8	gain
1	275535	322635	8	gain
1	1043265	1297605	4	gain
1	1702665	1745055	5	gain
1	1865160	2317320	8	gain
1	2350290	2524560	6	gain
1	2628180	3596085	8	gain
1	3596085	3777420	5	gain
1	3777420	3883395	3	gain
1	3883395	4229580	5	gain
1	4314360	4389720	5	gain
1	4389720	4422690	3	gain
1	4422690	4604025	8	gain
1	4604025	4669965	4	gain
1	4669965	4823040	7	gain
1	5166870	6078255	4	gain
1	6174810	6254880	5	gain
1	6309045	6747075	4	gain
1	6747075	6820080	3	gain
1	6820080	7281660	9	gain
1	7298145	7359375	8	gain
1	7359375	7637265	4	gain
1	7637265	7851570	6	gain
1	7851570	8063520	4	gain
1	8063520	8261340	1	loss
1	8261340	8397930	4	gain
1	8397930	9005520	1	loss
1	9005520	9276345	0	loss
1	9276345	9759120	1	loss
1	9759120	10018170	0	loss
1	10018170	10500945	1	loss
1	10500945	10599855	3	gain
1	10599855	10722315	1	loss
1	10722315	10731735	12	gain
1	10731735	10875390	3	gain
1	10875390	10931910	1	loss
1	10931910	10948395	7	gain
1	11019045	11092050	6	gain
1	33302055	33309120	91	gain
1	93663060	93917400	3	gain
1	94649805	94699260	5	gain
1	94699260	96260625	1	loss
1	96260625	96915315	3	gain
1	96915315	97148460	7	gain
1	97148460	97285050	4	gain
1	183207225	183282585	11	gain
1	185213685	185611680	1	loss
1	189561015	189869520	3	gain
2	0	153075	3	gain
2	153075	221370	1	loss
2	221370	289665	5	gain
2	289665	986745	1	loss
2	986745	1290540	3	gain
2	2044140	2084175	4	gain
2	2084175	2399745	1	loss
2	2399745	2463330	3	gain
2	2463330	2529270	6	gain
2	2529270	2550465	3	gain
2	2550465	3080340	1	loss
2	3240480	3351165	1	loss
2	3351165	3459495	3	gain
2	3459495	3499530	7	gain
2	3499530	4738260	1	loss
2	5414145	5505990	4	gain
2	5505990	5859240	1	loss
2	5859240	6038220	3	gain
2	6038220	6424440	1	loss
2	6424440	6822435	3	gain
2	6822435	7178040	1	loss
2	7178040	7338180	3	gain
2	7338180	7557195	1	loss
2	7557195	7684365	3	gain
2	7684365	7860990	1	loss
2	7860990	8697015	8	gain
2	8944290	9033780	1	loss
2	9175080	9271635	4	gain
2	9321090	9452970	4	gain
2	9511845	9530685	6	gain
2	9577785	9650790	4	gain
2	9747345	9766185	4	gain
2	9820350	9858030	16	gain
2	9879225	10110015	24	gain
2	10110015	10126500	3	gain
2	10126500	10550400	12	gain
2	10550400	10602210	4	gain
2	10602210	10642245	1	loss
2	10642245	10658730	7	gain
2	10818870	10889520	7	gain
2	10889520	10957815	1	loss
2	11026110	11037885	10	gain
2	11037885	11089695	1	loss
2	11089695	11099115	11	gain
2	11099115	11127375	1	loss
2	11127375	11136795	11	gain
2	11136795	11245125	1	loss
2	11245125	11431170	3	gain
2	11431170	11523015	1	loss
2	11523015	11539500	4	gain
2	11539500	12048180	1	loss
2	12255420	12267195	6	gain
2	12599250	12749970	0	loss
2	12749970	12766455	6	gain
2	32341215	32345925	175	gain
2	87643680	87796755	3	gain
2	93705450	93721935	7	gain
2	110006760	110331750	1	loss
2	184601385	184773300	3	gain
2	184773300	184855725	4	gain
2	184855725	184931085	3	gain
2	184931085	185444475	1	loss
2	185663490	185689395	6	gain
2	185689395	185903700	3	gain
2	185903700	186004965	9	gain
2	186004965	186282855	3	gain
3	0	84780	4	gain
3	247275	303795	3	gain
3	303795	355605	1	loss
3	355605	369735	5	gain
3	369735	572265	1	loss
3	572265	873705	4	gain
3	904320	923160	10	gain
3	923160	1113915	3	gain
3	1113915	1794510	1	loss
3	1794510	1975845	7	gain
3	1975845	2079465	3	gain
3	2079465	2119500	5	gain
3	2119500	2138340	1	loss
3	2138340	2602275	5	gain
3	2675280	2778900	5	gain
3	2778900	2990850	1	loss
3	2990850	3087405	3	gain
3	3087405	3160410	5	gain
3	3259320	3306420	6	gain
3	3377070	3398265	7	gain
3	3398265	3516015	1	loss
3	3572535	3916365	1	loss
3	3916365	4118895	3	gain
3	4118895	4189545	1	loss
3	4189545	4257840	4	gain
3	4300230	4316715	8	gain
3	4316715	4434465	1	loss
3	4434465	4467435	4	gain
3	4467435	5039700	1	loss
3	5039700	5058540	5	gain
3	5058540	5242230	1	loss
3	5242230	5254005	5	gain
3	17667210	17799090	1	loss
3	17966295	18098175	1	loss
3	66743055	66889065	0	loss
3	67056270	67091595	0	loss
3	91110240	91145565	4	gain
3	93444045	93686610	0	loss
3	94470825	94692195	1	loss
3	96178200	96366600	1	loss
4	0	122460	1	loss
4	122460	160140	6	gain
4	160140	365025	1	loss
4	365025	518100	3	gain
4	518100	539295	13	gain
4	539295	1599045	1	loss
4	1599045	1712085	5	gain
4	1888710	1957005	10	gain
4	1957005	2067690	4	gain
4	2067690	2192505	3	gain
4	2192505	2317320	4	gain
4	41539845	41787120	4	gain
4	41787120	42024975	3	gain
4	59341290	59409585	4	gain
4	59409585	59600340	1	loss
4	59600340	59732220	3	gain
4	60061920	60309195	3	gain
4	60309195	60401040	1	loss
4	60401040	60424590	4	gain
4	60721320	60794325	5	gain
4	60994500	61173480	1	loss
4	61173480	61248840	0	loss
4	88013415	88065225	5	gain
4	111254910	111801270	0	loss
4	111980250	112573710	0	loss
4	112573710	112844535	1	loss
4	112844535	113202495	3	gain
4	113202495	113334375	1	loss
4	113334375	113397960	3	gain
4	114613140	114660240	0	loss
4	117747645	117881880	0	loss
4	120950445	120992835	0	loss
4	121082325	121487385	0	loss
4	142541085	142668255	4	gain
4	142722420	142760100	4	gain
4	142899045	142972050	0	loss
4	144535770	144891375	1	loss
4	145042095	145232850	1	loss
4	145232850	145277595	3	gain
4	145277595	146264340	1	loss
4	146433900	146504550	3	gain
4	147098010	147102720	13	gain
4	147102720	148718250	1	loss
4	148803030	149257545	1	loss
4	151094445	151264005	1	loss
4	158225385	158237160	5	gain
4	158237160	158377951	1	loss
5	18840	32970	5	gain
5	221370	289665	4	gain
5	289665	2286705	1	loss
5	2399745	2463330	3	gain
5	2463330	2529270	6	gain
5	2529270	2550465	3	gain
5	2550465	3459495	1	loss
5	3459495	3494820	3	gain
5	3494820	3914010	0	loss
5	3914010	4057665	1	loss
5	4057665	4764165	0	loss
5	4764165	5859240	1	loss
5	5988765	6452700	1	loss
5	6452700	6721170	3	gain
5	6721170	6735300	8	gain
5	6735300	6789465	3	gain
5	6789465	6829500	1	loss
5	6886020	6949605	5	gain
5	6949605	7057935	1	loss
5	7057935	7145070	3	gain
5	7145070	7792695	1	loss
5	7931640	8016420	1	loss
5	8016420	8028195	5	gain
5	8355540	8388510	4	gain
5	8388510	8593395	3	gain
5	8593395	8664045	1	loss
5	8664045	8772375	3	gain
5	16847670	17245665	0	loss
5	17245665	17824995	1	loss
5	17824995	17900355	4	gain
5	20879430	24482580	0	loss
5	34693860	34825740	5	gain
5	34825740	34832805	0	loss
5	34832805	35007075	6	gain
5	35143665	35155440	5	gain
5	56016030	56049000	0	loss
5	65972970	66029490	0	loss
5	102668580	103280880	1	loss
5	103280880	104712720	0	loss
5	104712720	105167235	1	loss
5	105167235	106177530	0	loss
5	106177530	106537845	1	loss
5	115943715	115997880	0	loss
5	156167115	156237765	0	loss
5	156237765	156329610	3	gain
5	156329610	156376710	5	gain
6	0	600525	3	gain
6	600525	927870	31	gain
6	1052685	1088010	6	gain
6	1088010	1716795	1	loss
6	1716795	1836900	5	gain
6	1836900	2114790	1	loss
6	2114790	2420940	5	gain
6	2849550	2901360	9	gain
6	2901360	3073275	3	gain
6	3073275	3134505	6	gain
6	3134505	3247545	3	gain
6	3346455	3424170	5	gain
6	3424170	3558405	3	gain
6	3558405	3742095	6	gain
6	3800970	3862200	7	gain
6	3862200	4043535	3	gain
6	4043535	4104765	7	gain
6	4104765	4337910	3	gain
6	4337910	4352040	6	gain
6	62087220	62475795	0	loss
6	70435695	71749785	1	loss
6	71749785	71881665	3	gain
6	72171330	72197235	6	gain
6	72197235	72251400	1	loss
6	72251400	72326760	4	gain
6	72326760	72345600	1	loss
6	72345600	72479835	4	gain
6	72479835	72644685	1	loss
6	72644685	72672945	5	gain
6	87782625	87834435	4	gain
6	116600760	116697315	3	gain
6	130989810	131046330	4	gain
6	132131985	132179085	0	loss
6	132179085	132334515	3	gain
6	132334515	132367485	5	gain
6	132706605	132831420	5	gain
6	132831420	132972720	3	gain
6	132972720	133170540	7	gain
6	133170540	133231770	4	gain
6	135351270	135436050	1	loss
6	135436050	135678615	4	gain
7	0	190755	1	loss
7	190755	261405	4	gain
7	261405	1132755	1	loss
7	1132755	1533105	3	gain
7	1533105	1584915	1	loss
7	1584915	1872225	3	gain
7	1872225	1954650	1	loss
7	1954650	2277285	3	gain
7	2277285	2769480	5	gain
7	2915490	4003500	11	gain
7	4003500	4208385	4	gain
7	4481565	4693515	4	gain
7	4818330	5282265	5	gain
7	5385885	5557800	4	gain
7	5557800	6596355	1	loss
7	6596355	7236915	4	gain
7	7298145	7736175	4	gain
7	8016420	9752055	1	loss
7	9931035	11895105	1	loss
7	12684030	12879495	1	loss
7	12879495	13169160	3	gain
7	13169160	13918050	1	loss
7	13918050	14165325	6	gain
7	14165325	14268945	3	gain
7	14459700	14791755	5	gain
7	14791755	15093195	3	gain
7	15093195	15246270	6	gain
7	15246270	15432315	3	gain
7	15432315	15773790	5	gain
7	15773790	15969255	4	gain
7	16032840	16258920	6	gain
7	16258920	16315440	3	gain
7	16315440	16357830	9	gain
7	16461450	16529745	7	gain
7	16628655	16696950	8	gain
7	16696950	17238600	3	gain
7	17238600	17332800	5	gain
7	17702535	17796735	5	gain
7	18013395	18107595	4	gain
7	22794045	23104905	3	gain
7	29705970	29795460	5	gain
7	30202875	30363015	3	gain
7	30363015	30490185	1	loss
7	30490185	30939990	3	gain
7	30939990	31012995	5	gain
7	32449545	32819280	1	loss
7	35461590	36193995	1	loss
7	36968790	37053570	3	gain
7	44961660	45260745	1	loss
7	45576315	46341690	1	loss
7	46341690	46570125	4	gain
7	46570125	46605450	1	loss
7	46605450	46807980	4	gain
7	51419070	51795870	4	gain
7	51795870	52412880	3	gain
7	52412880	52504725	4	gain
7	54346335	54428760	6	gain
7	54428760	54577125	4	gain
7	61062795	61116960	8	gain
7	64293855	64355085	5	gain
7	73122750	74156595	1	loss
7	74156595	74267280	0	loss
7	92728125	93069600	1	loss
7	119593965	120135615	1	loss
7	154250145	154356120	0	loss
8	0	197820	1	loss
8	197820	275535	4	gain
8	275535	1834545	1	loss
8	1982910	2117145	5	gain
8	2117145	2785965	1	loss
8	2785965	2936685	3	gain
8	2936685	3092115	5	gain
8	3092115	3195735	3	gain
8	3195735	3209865	8	gain
8	3209865	3339390	3	gain
8	3339390	4076505	1	loss
8	4076505	4095345	4	gain
8	4095345	4370880	0	loss
8	4370880	4634640	3	gain
8	4634640	4700580	6	gain
8	4700580	5096220	3	gain
8	5197485	5586060	4	gain
8	5586060	5720295	3	gain
8	5875725	7771500	1	loss
8	7948125	8018775	5	gain
8	8018775	9033780	1	loss
8	9033780	9335220	3	gain
8	9335220	9504780	0	loss
8	9547170	10081755	0	loss
8	10081755	10230120	6	gain
8	10230120	12304875	1	loss
8	12304875	12432045	4	gain
8	12432045	12898335	1	loss
8	24150525	24162300	10	gain
8	29298555	29345655	5	gain
8	29548185	29856690	4	gain
8	29856690	30582030	7	gain
8	30582030	30607935	4	gain
8	30607935	30876405	7	gain
8	30876405	30921150	3	gain
8	30921150	31109550	6	gain
8	31109550	31290885	7	gain
8	31290885	31392150	4	gain
8	31392150	31427475	1	loss
8	31427475	31547580	8	gain
8	31615875	31740690	5	gain
8	31740690	31844310	3	gain
8	31844310	32004450	7	gain
8	32004450	32124555	5	gain
8	32174010	32225820	7	gain
8	32239950	32491935	6	gain
8	32659140	32673270	6	gain
8	32673270	33040650	1	loss
8	33040650	33271440	3	gain
8	33271440	33398610	1	loss
8	66834900	66922035	4	gain
8	67044495	67284705	3	gain
8	83449425	83793255	1	loss
8	135464310	135591480	1	loss
8	135591480	135610320	5	gain
9	0	174270	5	gain
9	211950	228435	7	gain
9	228435	513390	1	loss
9	513390	539295	5	gain
9	560490	727695	9	gain
9	727695	767730	4	gain
9	767730	876060	1	loss
9	876060	927870	7	gain
9	1031490	1052685	5	gain
9	1052685	1106850	1	loss
9	1106850	1196340	4	gain
9	1217535	1916970	5	gain
9	1982910	2013525	5	gain
9	2013525	2444490	3	gain
9	2444490	2517495	6	gain
9	2517495	2578725	3	gain
9	2578725	2701185	5	gain
9	2889585	2976720	3	gain
9	2976720	3087405	1	loss
9	3087405	3268740	3	gain
9	3268740	3348810	6	gain
9	3348810	3372360	3	gain
9	3372360	3739740	7	gain
9	3808035	4260195	4	gain
9	4304940	4825395	5	gain
9	4825395	4999665	3	gain
9	5126835	5703810	3	gain
9	5703810	5774460	1	loss
9	5774460	6021735	5	gain
9	6021735	6299625	3	gain
9	6299625	6374985	1	loss
9	6374985	6485670	4	gain
9	6485670	7081485	3	gain
9	7081485	7121520	1	loss
9	7121520	7347600	3	gain
9	7983450	8381445	1	loss
9	8381445	8506260	3	gain
9	8506260	8737050	1	loss
9	8737050	8847735	3	gain
9	8956065	9104430	5	gain
9	9139755	9467100	4	gain
9	9467100	9596625	6	gain
9	9596625	9712020	4	gain
9	9712020	10060560	7	gain
9	10578660	10616340	5	gain
9	10818870	10915425	6	gain
9	10915425	11044950	3	gain
9	11044950	11099115	7	gain
9	11125020	11134440	8	gain
9	122069070	122078490	10	gain
9	132018945	132353355	0	loss
10	0	308505	1	loss
10	308505	402705	39	gain
10	402705	586395	1	loss
10	1036200	1059750	0	loss
10	1059750	1186920	5	gain
10	1186920	1274055	1	loss
10	1274055	1453035	4	gain
10	1453035	1617885	6	gain
10	1617885	1709730	4	gain
10	1709730	1999395	6	gain
10	1999395	2538690	3	gain
10	2538690	2609340	8	gain
10	3252255	3984660	3	gain
10	4243710	4333200	4	gain
10	4549860	4799490	5	gain
10	4799490	5289330	3	gain
10	5289330	5364690	7	gain
10	6009960	6681135	3	gain
10	6921345	7022610	4	gain
10	7243980	7771500	4	gain
10	7919865	8080005	4	gain
10	8430900	8631075	0	loss
10	105791310	105831345	6	gain
10	134463435	134484630	5	gain
11	0	89490	4	gain
11	89490	162495	1	loss
11	162495	178980	16	gain
11	178980	376800	4	gain
11	810120	1556655	3	gain
11	1556655	1674405	5	gain
11	1674405	2460975	3	gain
11	2727090	2967300	7	gain
11	3110955	4255485	4	gain
11	4255485	4512180	8	gain
11	4512180	4549860	0	loss
11	4549860	4627575	3	gain
11	4627575	5619030	5	gain
11	5619030	6834210	3	gain
11	7109745	7236915	4	gain
11	7236915	7460640	8	gain
11	7641975	8136525	5	gain
11	8136525	8261340	3	gain
11	8261340	8551005	5	gain
11	8551005	9156240	3	gain
11	9156240	10430295	1	loss
11	10559820	10651665	9	gain
11	10651665	11000205	1	loss
11	36521340	36796875	3	gain
12	0	91845	1	loss
12	91845	120105	4	gain
12	120105	397995	0	loss
12	397995	461580	3	gain
12	461580	518100	6	gain
12	518100	605235	1	loss
12	605235	765375	4	gain
12	765375	951420	1	loss
12	951420	993810	3	gain
12	993810	1026780	21	gain
12	1424775	1441260	9	gain
12	1523685	1582560	4	gain
12	1622595	1653210	4	gain
12	2524560	2541045	6	gain
12	2807160	2844840	5	gain
12	3212220	3391200	1	loss
12	3572535	4712355	1	loss
12	19843230	20613315	4	gain
12	20705160	20938305	4	gain
12	20938305	21863820	3	gain
12	21863820	22129935	4	gain
12	23305080	25375125	1	loss
12	25733085	25989780	1	loss
12	56755500	56941545	1	loss
12	89214465	89963355	1	loss
12	102838140	103071285	1	loss
12	105400380	105577005	1	loss
12	115274895	115307865	4	gain
12	116066175	116165085	4	gain
12	116165085	116228670	5	gain
12	116228670	116355840	3	gain
12	116355840	116391165	1	loss
12	116391165	116438265	6	gain
12	116518335	116565435	9	gain
12	116711445	116782095	0	loss
12	116782095	116881005	1	loss
12	116881005	116970495	4	gain
12	117286065	117347295	4	gain
12	117347295	117493305	0	loss
12	117646380	117686415	4	gain
13	0	120105	3	gain
13	120105	211950	1	loss
13	211950	223725	13	gain
13	223725	247275	1	loss
13	247275	409770	4	gain
13	925515	1259925	3	gain
13	1259925	1356480	6	gain
13	1356480	1916970	4	gain
13	2197215	2300835	4	gain
13	2300835	2446845	7	gain
13	2446845	2691765	3	gain
13	2691765	3181605	6	gain
13	3181605	4229580	3	gain
13	4483920	4589895	4	gain
13	5456535	5517765	5	gain
13	7750305	7849215	3	gain
13	8044680	8157720	4	gain
13	9551880	9980490	3	gain
13	9980490	10988430	1	loss
13	10988430	11235705	3	gain
13	21011310	21230325	4	gain
13	69919950	70381530	1	loss
13	70381530	70475730	5	gain
13	73751535	73833960	6	gain
13	73895190	74102430	5	gain
13	74102430	74215470	3	gain
13	74215470	74342640	5	gain
13	74392095	74599335	4	gain
13	74724150	74783025	5	gain
13	74905485	75018525	7	gain
13	76292580	76356165	4	gain
13	128137905	128156745	6	gain
13	128580645	128594775	10	gain
14	0	221370	1	loss
14	221370	282600	3	gain
14	282600	2286705	1	loss
14	2423295	2550465	5	gain
14	2550465	5946375	1	loss
14	5946375	6662295	4	gain
14	6662295	6697620	1	loss
14	6697620	7065000	4	gain
14	7065000	7326405	8	gain
14	7446510	7674945	6	gain
14	7674945	8452095	4	gain
14	8875995	9073815	5	gain
14	9073815	9434130	3	gain
14	9434130	9509490	6	gain
14	9509490	10008750	4	gain
14	10008750	10545690	5	gain
14	10611630	10759995	4	gain
14	10858905	11094405	4	gain
14	22676295	23594745	1	loss
14	23594745	23658330	3	gain
14	23658330	25266795	1	loss
14	25266795	25299765	4	gain
14	25299765	25690695	1	loss
14	25690695	25737795	4	gain
14	25737795	25808445	1	loss
14	25808445	25834350	7	gain
14	25834350	27244995	1	loss
14	33537555	33815445	1	loss
14	49144140	49198305	4	gain
14	49506810	49617495	3	gain
14	49617495	51463815	1	loss
14	51649860	52648380	0	loss
14	61194675	61693935	3	gain
15	0	23550	1	loss
15	23550	32970	4	gain
15	32970	178980	1	loss
15	178980	181335	15	gain
15	181335	221370	1	loss
15	261405	282600	3	gain
15	282600	2399745	1	loss
15	2399745	2463330	3	gain
15	2463330	2529270	5	gain
15	2529270	2550465	4	gain
15	2550465	3511305	1	loss
15	3511305	3939915	0	loss
15	3939915	4057665	1	loss
15	4057665	4764165	0	loss
15	4764165	5941665	1	loss
15	5988765	6478605	1	loss
15	6662295	7027320	4	gain
15	7083840	7272240	5	gain
15	7272240	7307565	3	gain
15	7307565	7375860	6	gain
15	7375860	7474770	3	gain
15	7474770	7545420	1	loss
15	7545420	7585455	6	gain
15	7585455	7672590	3	gain
15	7820955	7851570	1	loss
15	7851570	7858635	5	gain
15	7896315	8047035	0	loss
15	8047035	8167140	1	loss
15	8167140	8244855	3	gain
15	8244855	8800635	1	loss
15	8800635	8859510	0	loss
15	76947270	76959045	4	gain
15	81085005	81134460	4	gain
15	105569940	105572295	75	gain
15	109606410	109648800	1	loss
15	109919625	109921980	1	loss
16	0	788925	1	loss
16	788925	810120	43	gain
16	810120	1026780	1	loss
16	1026780	1288185	5	gain
16	1288185	1474230	3	gain
16	1474230	1745055	5	gain
16	2001750	2234895	3	gain
16	2519850	3155700	3	gain
16	3508950	3692640	3	gain
16	3692640	4493340	1	loss
16	4493340	4660545	3	gain
16	4660545	4773585	5	gain
16	4773585	4985535	3	gain
16	4985535	5086800	5	gain
16	5143320	5555445	4	gain
16	5663775	6301980	3	gain
16	6301980	6542190	6	gain
16	6542190	7382925	3	gain
16	7382925	7474770	5	gain
16	7651395	7983450	6	gain
16	8011710	8715855	5	gain
16	8770020	9168015	7	gain
16	9168015	9203340	1	loss
16	9203340	10117080	5	gain
16	10117080	10771770	7	gain
16	10818870	11139150	3	gain
16	11139150	11360520	6	gain
16	11360520	11673735	4	gain
16	11760870	11935140	5	gain
16	12436755	12455595	8	gain
16	12653415	12832395	1	loss
16	12832395	12905400	5	gain
16	30513735	30683295	4	gain
17	0	221370	1	loss
17	282600	2286705	1	loss
17	2423295	2550465	5	gain
17	2550465	5859240	1	loss
17	5988765	6264300	1	loss
17	6478605	7281660	3	gain
17	7451220	7625490	4	gain
17	7818600	8249565	3	gain
17	8343765	8826540	8	gain
17	8826540	9000810	5	gain
17	9038490	9179790	9	gain
17	9179790	9636660	5	gain
17	9726150	9770895	6	gain
17	9770895	9843900	1	loss
17	9843900	9909840	5	gain
17	9940455	10029945	6	gain
17	10029945	10126500	3	gain
17	10126500	10178310	5	gain
17	10387905	10861260	3	gain
17	10979010	12264840	1	loss
17	12264840	12321360	5	gain
17	15590100	16072875	1	loss
17	22589160	22782270	1	loss
17	26578530	26696280	8	gain
17	26710410	26752800	8	gain
17	26785770	26814030	6	gain
17	28533180	28985340	0	loss
17	31783080	31870215	5	gain
17	32119845	32251725	5	gain
17	32515485	32748630	0	loss
17	40819215	40939320	4	gain
17	42780930	42813900	4	gain
17	44858040	44926335	4	gain
17	45719970	45842430	1	loss
17	48140910	48282210	5	gain
17	49544490	49796475	0	loss
17	49796475	49918935	1	loss
17	49918935	49987230	4	gain
17	84071145	84330195	1	loss
18	0	21195	1	loss
18	21195	32970	4	gain
18	32970	254340	1	loss
18	254340	282600	4	gain
18	282600	814830	0	loss
18	814830	986745	1	loss
18	1283475	2399745	1	loss
18	2399745	2463330	3	gain
18	2463330	2529270	5	gain
18	2529270	2550465	3	gain
18	2550465	3077985	1	loss
18	3240480	3351165	1	loss
18	3461850	3494820	5	gain
18	3494820	4740615	1	loss
18	5414145	5505990	3	gain
18	5505990	5861595	1	loss
18	5861595	5993475	3	gain
18	5993475	6452700	1	loss
18	6452700	6598710	3	gain
18	6598710	7345245	7	gain
18	7345245	7364085	3	gain
18	7364085	7418250	6	gain
18	7418250	7458285	3	gain
18	7458285	7559550	10	gain
18	7559550	7769145	4	gain
18	7769145	7811535	8	gain
18	7811535	8098845	3	gain
18	8098845	8421480	1	loss
18	8421480	8503905	4	gain
18	8503905	8609880	1	loss
18	8609880	8772375	3	gain
18	8772375	9276345	1	loss
18	9276345	9290475	5	gain
18	9452970	9650790	5	gain
18	9693180	9780315	6	gain
18	9780315	9978135	3	gain
18	9978135	10131210	1	loss
18	89640720	89687820	0	loss
19	0	23550	1	loss
19	23550	32970	5	gain
19	32970	221370	1	loss
19	221370	282600	3	gain
19	282600	814830	1	loss
19	986745	1271700	4	gain
19	2044140	2081820	5	gain
19	2081820	2399745	1	loss
19	2399745	2463330	3	gain
19	2463330	2529270	6	gain
19	2529270	2550465	4	gain
19	2550465	3077985	1	loss
19	3077985	3235770	3	gain
19	3235770	3351165	1	loss
19	3351165	3459495	3	gain
19	3459495	3494820	6	gain
19	3494820	3946980	1	loss
19	3946980	3958755	4	gain
19	3958755	4740615	1	loss
19	5414145	5505990	4	gain
19	5505990	5861595	1	loss
19	5861595	6071190	3	gain
19	6071190	6452700	1	loss
19	6452700	6598710	3	gain
19	6598710	6681135	7	gain
19	7156845	7199235	10	gain
19	7199235	7241625	3	gain
19	7241625	7307565	7	gain
19	7307565	7354665	3	gain
19	7354665	7415895	7	gain
19	7415895	7446510	3	gain
19	7446510	7505385	7	gain
19	7505385	7604295	3	gain
19	7641975	7658460	6	gain
19	7776210	7802115	0	loss
19	14259525	14490315	0	loss
19	38572545	38800980	1	loss
19	39420345	39462735	4	gain
19	44278710	44349360	0	loss
X	0	600525	2	gain
X	600525	937290	31	gain
X	937290	1055040	3	gain
X	1161015	1288185	4	gain
X	1679115	1891065	2	gain
X	1891065	2576370	6	gain
X	2576370	2642310	2	gain
X	4408560	5065605	2	gain
X	5065605	5336430	3	gain
X	5336430	5680260	2	gain
X	6221910	6678780	2	gain
X	6678780	7316985	0	loss
X	7316985	7724400	2	gain
X	8014065	8466225	2	gain
X	8466225	8824185	7	gain
X	8824185	9040845	4	gain
X	9040845	9151530	2	gain
X	9151530	9177435	7	gain
X	9177435	9311670	3	gain
X	9511845	9671985	9	gain
X	9671985	9702600	0	loss
X	9702600	9794445	3	gain
X	9978135	10044075	3	gain
X	29472825	32352990	0	loss
X	32352990	36507210	2	gain
X	36507210	36792165	3	gain
X	55255365	55399020	2	gain
X	56183235	56256240	3	gain
X	124254510	125222415	2	gain
X	149429460	149763870	2	gain
X	169828470	170186430	0	loss
X	170186430	170209980	5	gain
X	170209980	170718660	0	loss
Y	247275	1083300	0	loss
Y	1083300	1090365	7	gain
Y	1872225	3909300	0	loss
Y	6028800	6038220	6	gain
Y	6130065	6137130	7	gain
Y	9603690	9907485	2	gain
Y	13091445	14247750	0	loss
Y	14893020	14942475	2	gain
Y	19732545	19753740	3	gain
Y	24656850	24819345	2	gain
Y	58349835	58547655	2	gain
Y	60198510	60396330	2	gain
Y	71888730	71952315	2	gain
Y	77034405	77239290	2	gain
Y	78739425	78941955	2	gain
Y	84016980	84177120	2	gain
Y	85608960	85806780	2	gain
Y	85806780	85924530	4	gain
Y	85924530	86171805	2	gain
Y	86607480	87631905	2	gain
Y	91889745	91899165	7	gain
Y	93484080	93521760	2	gain
Y	93521760	94941825	0	loss
Y	94941825	94944180	8	gain
Y	95005410	95017185	4	gain
