1	0	138000	4	gain
1	138000	216000	9	gain
1	276000	324000	8	gain
1	1011000	1296000	4	gain
1	1638000	1752000	4	gain
1	1752000	1866000	1	loss
1	1866000	2316000	8	gain
1	2349000	2526000	6	gain
1	2628000	3597000	8	gain
1	3597000	3777000	5	gain
1	3885000	4230000	5	gain
1	4230000	4314000	3	gain
1	4314000	4386000	7	gain
1	4386000	4422000	3	gain
1	4422000	4602000	7	gain
1	4602000	4671000	4	gain
1	4671000	4824000	7	gain
1	5169000	6822000	4	gain
1	6822000	7278000	9	gain
1	7278000	7299000	3	gain
1	7299000	7359000	8	gain
1	7359000	7626000	4	gain
1	7626000	7854000	6	gain
1	7854000	8046000	4	gain
1	8046000	8259000	1	loss
1	8259000	8442000	4	gain
1	8442000	8721000	1	loss
1	8856000	10407000	1	loss
1	10599000	10722000	1	loss
1	10722000	10875000	3	gain
1	10875000	10932000	1	loss
1	10932000	10947000	8	gain
1	11022000	11091000	7	gain
1	93663000	93915000	3	gain
1	94650000	94698000	4	gain
1	94698000	96261000	1	loss
1	96261000	96915000	3	gain
1	96915000	97284000	6	gain
1	183207000	183282000	11	gain
1	185214000	185610000	1	loss
1	189561000	189870000	3	gain
2	0	249000	3	gain
2	249000	291000	6	gain
2	291000	987000	1	loss
2	987000	1290000	3	gain
2	2043000	2085000	4	gain
2	2085000	2397000	1	loss
2	2397000	2463000	3	gain
2	2463000	2550000	5	gain
2	2550000	3081000	1	loss
2	3240000	3351000	1	loss
2	3351000	3459000	3	gain
2	3459000	3498000	7	gain
2	3498000	4767000	1	loss
2	5412000	5505000	4	gain
2	5505000	5859000	1	loss
2	5859000	6030000	3	gain
2	6030000	6426000	1	loss
2	6426000	6822000	3	gain
2	6822000	7176000	1	loss
2	7176000	7341000	3	gain
2	7341000	7557000	1	loss
2	7557000	7680000	3	gain
2	7680000	7860000	1	loss
2	7860000	8697000	8	gain
2	9174000	9651000	3	gain
2	9819000	9858000	14	gain
2	9879000	10551000	14	gain
2	10551000	10659000	3	gain
2	10818000	10884000	10	gain
2	10884000	11280000	1	loss
2	11280000	11430000	3	gain
2	11430000	12048000	1	loss
2	12600000	12750000	0	loss
2	12750000	12768000	6	gain
2	93705000	93723000	7	gain
2	110007000	110334000	1	loss
2	184602000	184929000	3	gain
2	184929000	185445000	1	loss
2	185445000	185904000	3	gain
2	185904000	186003000	9	gain
2	186003000	186282000	3	gain
3	0	87000	4	gain
3	87000	246000	1	loss
3	246000	261000	8	gain
3	387000	576000	1	loss
3	576000	624000	4	gain
3	624000	711000	3	gain
3	711000	771000	5	gain
3	819000	873000	4	gain
3	873000	903000	1	loss
3	903000	930000	7	gain
3	930000	1113000	3	gain
3	1113000	1794000	1	loss
3	1794000	1977000	6	gain
3	1977000	2085000	3	gain
3	2085000	2112000	6	gain
3	2139000	2601000	5	gain
3	2673000	2778000	5	gain
3	2778000	2991000	1	loss
3	2991000	3087000	3	gain
3	3087000	3162000	5	gain
3	3249000	3324000	4	gain
3	3378000	3399000	7	gain
3	3399000	3516000	1	loss
3	3573000	3918000	1	loss
3	3918000	4119000	3	gain
3	4119000	4188000	1	loss
3	4188000	4260000	4	gain
3	4299000	4317000	7	gain
3	4317000	4434000	1	loss
3	4434000	4467000	4	gain
3	4467000	5040000	1	loss
3	5040000	5058000	5	gain
3	5058000	5244000	1	loss
3	5244000	5253000	7	gain
3	17667000	17799000	0	loss
3	17967000	18096000	1	loss
3	66744000	66885000	0	loss
3	67056000	67092000	0	loss
3	91071000	91146000	4	gain
3	93444000	93684000	0	loss
3	94473000	94692000	1	loss
3	96177000	96366000	1	loss
4	0	129000	1	loss
4	129000	162000	5	gain
4	162000	366000	1	loss
4	366000	513000	3	gain
4	513000	540000	8	gain
4	540000	1599000	1	loss
4	1599000	1713000	5	gain
4	1713000	1887000	3	gain
4	1887000	1959000	9	gain
4	1959000	2067000	4	gain
4	2067000	2316000	3	gain
4	41541000	41787000	4	gain
4	41787000	42024000	3	gain
4	59340000	59409000	4	gain
4	59409000	59607000	1	loss
4	59607000	59733000	3	gain
4	60060000	60309000	3	gain
4	60309000	60402000	1	loss
4	60402000	60426000	4	gain
4	60723000	60795000	6	gain
4	61173000	61248000	0	loss
4	88014000	88065000	6	gain
4	111255000	111801000	0	loss
4	111981000	112572000	0	loss
4	112572000	112845000	1	loss
4	112845000	113202000	3	gain
4	113202000	113334000	1	loss
4	113334000	113400000	4	gain
4	114612000	114660000	0	loss
4	117747000	117882000	0	loss
4	120951000	120993000	0	loss
4	121083000	121488000	0	loss
4	142542000	142668000	4	gain
4	142722000	142761000	4	gain
4	144534000	144891000	1	loss
4	145041000	145233000	1	loss
4	145233000	145278000	3	gain
4	145278000	146331000	1	loss
4	147180000	148722000	1	loss
4	148722000	148803000	3	gain
4	148803000	149256000	1	loss
4	151092000	151263000	1	loss
4	158223000	158238000	5	gain
4	158238000	158377951	1	loss
5	24000	33000	8	gain
5	222000	240000	6	gain
5	240000	249000	1	loss
5	249000	291000	5	gain
5	291000	2289000	1	loss
5	2397000	2463000	3	gain
5	2463000	2529000	6	gain
5	2529000	2550000	4	gain
5	2550000	3459000	1	loss
5	3459000	3492000	3	gain
5	3492000	4764000	0	loss
5	4764000	5859000	1	loss
5	5988000	6453000	1	loss
5	6453000	6723000	3	gain
5	6723000	6735000	10	gain
5	6735000	6789000	3	gain
5	6789000	6828000	1	loss
5	6888000	6948000	5	gain
5	6948000	7059000	1	loss
5	7059000	7071000	5	gain
5	7128000	7143000	6	gain
5	7143000	7731000	1	loss
5	7932000	8010000	1	loss
5	8364000	8388000	5	gain
5	8388000	8592000	3	gain
5	8592000	8664000	1	loss
5	8664000	8772000	3	gain
5	16848000	17247000	0	loss
5	17247000	17826000	1	loss
5	17826000	17898000	4	gain
5	20877000	24480000	0	loss
5	34695000	34824000	5	gain
5	34824000	34833000	1	loss
5	34833000	35007000	6	gain
5	35142000	35157000	5	gain
5	56016000	56049000	0	loss
5	65973000	66030000	0	loss
5	102669000	103281000	1	loss
5	103281000	104712000	0	loss
5	104712000	105168000	1	loss
5	105168000	106176000	0	loss
5	106176000	106536000	1	loss
5	115944000	115998000	0	loss
5	156168000	156237000	0	loss
5	156237000	156330000	3	gain
5	156330000	156375000	6	gain
5	156375000	156435000	3	gain
6	0	576000	3	gain
6	576000	927000	32	gain
6	1056000	1089000	6	gain
6	1089000	1716000	1	loss
6	1716000	1836000	6	gain
6	1836000	2115000	1	loss
6	2115000	2421000	5	gain
6	2421000	2847000	1	loss
6	2847000	2901000	9	gain
6	2901000	3072000	3	gain
6	3072000	3135000	6	gain
6	3135000	3558000	3	gain
6	3558000	3741000	6	gain
6	3801000	3885000	6	gain
6	3885000	4008000	3	gain
6	4008000	4185000	4	gain
6	62088000	62475000	0	loss
6	70437000	71751000	1	loss
6	71751000	71895000	3	gain
6	72171000	72198000	6	gain
6	72198000	72252000	1	loss
6	72252000	72327000	5	gain
6	72327000	72345000	1	loss
6	72345000	72480000	4	gain
6	72480000	72645000	1	loss
6	72645000	72675000	5	gain
6	116601000	116697000	4	gain
6	130989000	131046000	4	gain
6	132132000	132180000	0	loss
6	132180000	132336000	3	gain
6	132336000	132369000	5	gain
6	132708000	132831000	6	gain
6	132831000	132972000	3	gain
6	132972000	133170000	7	gain
6	133170000	133233000	4	gain
6	135351000	135435000	1	loss
6	135435000	135678000	4	gain
7	0	192000	1	loss
7	192000	246000	6	gain
7	246000	1104000	1	loss
7	1104000	1536000	3	gain
7	1536000	1587000	0	loss
7	1587000	1869000	3	gain
7	1869000	1950000	1	loss
7	1950000	2277000	3	gain
7	2277000	2772000	5	gain
7	2919000	4005000	11	gain
7	4005000	4209000	4	gain
7	4482000	4695000	4	gain
7	4818000	5283000	5	gain
7	5382000	5559000	4	gain
7	5559000	6600000	1	loss
7	6600000	7236000	4	gain
7	7302000	7581000	5	gain
7	7581000	7869000	3	gain
7	8031000	9756000	1	loss
7	9951000	11895000	1	loss
7	12690000	12879000	1	loss
7	12879000	13167000	3	gain
7	13167000	13920000	1	loss
7	13920000	14172000	6	gain
7	14172000	14415000	3	gain
7	14415000	14457000	1	loss
7	14457000	14790000	5	gain
7	14790000	15093000	3	gain
7	15093000	15249000	5	gain
7	15249000	15465000	3	gain
7	15465000	15774000	5	gain
7	15774000	15975000	4	gain
7	16035000	16263000	7	gain
7	16263000	16311000	3	gain
7	16311000	16359000	9	gain
7	16458000	16533000	7	gain
7	16533000	16629000	3	gain
7	16629000	16698000	7	gain
7	16698000	17268000	3	gain
7	17268000	17334000	6	gain
7	17694000	17796000	5	gain
7	17976000	18117000	3	gain
7	22788000	23106000	3	gain
7	29706000	29799000	4	gain
7	30204000	30363000	3	gain
7	30363000	30489000	1	loss
7	30489000	30939000	3	gain
7	30939000	31014000	5	gain
7	32451000	32820000	1	loss
7	35463000	36192000	1	loss
7	36969000	37053000	4	gain
7	44961000	45261000	1	loss
7	45579000	46341000	1	loss
7	46341000	46572000	4	gain
7	46572000	46605000	1	loss
7	46605000	46806000	4	gain
7	51420000	51792000	4	gain
7	51792000	52431000	3	gain
7	52431000	52491000	6	gain
7	54345000	54429000	6	gain
7	54429000	54576000	4	gain
7	61062000	61116000	8	gain
7	64296000	64356000	5	gain
7	72831000	72924000	3	gain
7	74025000	74268000	1	loss
7	92727000	93069000	1	loss
7	119595000	120135000	1	loss
7	154251000	154350000	0	loss
8	0	198000	1	loss
8	198000	276000	4	gain
8	276000	441000	1	loss
8	441000	450000	6	gain
8	450000	1836000	1	loss
8	1836000	1983000	3	gain
8	1983000	2112000	5	gain
8	2112000	2787000	1	loss
8	2787000	2937000	3	gain
8	2937000	3093000	5	gain
8	3093000	3195000	3	gain
8	3195000	3210000	8	gain
8	3210000	3333000	3	gain
8	3333000	4077000	1	loss
8	4077000	4095000	4	gain
8	4095000	4371000	0	loss
8	4371000	4638000	4	gain
8	4638000	4701000	6	gain
8	4701000	5094000	3	gain
8	5199000	5586000	4	gain
8	5586000	5721000	3	gain
8	5874000	7770000	1	loss
8	7950000	8019000	5	gain
8	8019000	9033000	1	loss
8	9033000	9045000	6	gain
8	9045000	9336000	3	gain
8	9336000	10083000	1	loss
8	10083000	10230000	6	gain
8	10230000	12303000	1	loss
8	12303000	12417000	4	gain
8	12417000	12897000	1	loss
8	24150000	24162000	11	gain
8	29298000	29346000	5	gain
8	29550000	29850000	4	gain
8	29850000	30876000	7	gain
8	30876000	30921000	3	gain
8	30921000	31290000	7	gain
8	31290000	31392000	4	gain
8	31392000	31425000	1	loss
8	31425000	31548000	7	gain
8	31617000	31740000	5	gain
8	31740000	31845000	3	gain
8	31845000	32004000	7	gain
8	32004000	32124000	5	gain
8	32124000	32175000	1	loss
8	32175000	32226000	6	gain
8	32241000	32490000	6	gain
8	32661000	32673000	7	gain
8	32673000	33042000	1	loss
8	33042000	33270000	3	gain
8	33270000	33399000	1	loss
8	66831000	66924000	3	gain
8	67038000	67284000	3	gain
8	83451000	83793000	1	loss
8	135465000	135591000	1	loss
8	135591000	135609000	5	gain
9	0	228000	4	gain
9	228000	513000	1	loss
9	513000	768000	8	gain
9	768000	876000	1	loss
9	876000	927000	7	gain
9	1107000	1917000	5	gain
9	1974000	2703000	4	gain
9	2703000	3261000	3	gain
9	3261000	3741000	7	gain
9	3807000	4824000	5	gain
9	4824000	5775000	3	gain
9	5775000	6021000	6	gain
9	6021000	7338000	3	gain
9	7986000	8736000	1	loss
9	8736000	8958000	3	gain
9	8958000	9714000	4	gain
9	9714000	10050000	8	gain
9	10818000	10905000	7	gain
9	10905000	11136000	3	gain
9	132018000	132357000	0	loss
10	0	246000	1	loss
10	303000	414000	23	gain
10	414000	594000	0	loss
10	594000	621000	5	gain
10	1035000	1059000	0	loss
10	1059000	1188000	5	gain
10	1188000	1266000	1	loss
10	1266000	1452000	4	gain
10	1452000	1620000	6	gain
10	1620000	1710000	4	gain
10	1710000	2001000	6	gain
10	2001000	2466000	3	gain
10	2538000	2610000	7	gain
10	3276000	3984000	3	gain
10	4239000	4332000	4	gain
10	4551000	4800000	5	gain
10	4800000	5127000	3	gain
10	5127000	5163000	6	gain
10	5163000	5289000	3	gain
10	5289000	5364000	7	gain
10	6234000	6441000	4	gain
10	6921000	7023000	4	gain
10	7254000	7773000	4	gain
10	7920000	8082000	4	gain
10	8430000	8631000	0	loss
10	105792000	105831000	6	gain
10	134463000	134484000	5	gain
11	0	90000	4	gain
11	90000	162000	1	loss
11	162000	177000	21	gain
11	177000	378000	4	gain
11	810000	1557000	3	gain
11	1557000	1674000	5	gain
11	1674000	2460000	3	gain
11	2727000	2967000	7	gain
11	3111000	3951000	4	gain
11	3951000	4050000	6	gain
11	4050000	4254000	4	gain
11	4254000	4512000	8	gain
11	4512000	4551000	0	loss
11	4551000	4626000	3	gain
11	4626000	5619000	5	gain
11	5670000	6813000	3	gain
11	6813000	6834000	7	gain
11	7110000	7227000	4	gain
11	7227000	7461000	8	gain
11	7461000	7641000	3	gain
11	7641000	7899000	4	gain
11	7899000	7962000	8	gain
11	7962000	8304000	3	gain
11	8304000	8346000	9	gain
11	8346000	8466000	4	gain
11	8466000	8550000	6	gain
11	8550000	9156000	3	gain
11	9156000	9957000	1	loss
11	10131000	10431000	1	loss
11	10560000	10653000	10	gain
11	10653000	11004000	1	loss
11	11004000	11028000	4	gain
11	36522000	36798000	3	gain
12	0	87000	1	loss
12	87000	126000	3	gain
12	126000	402000	0	loss
12	402000	462000	3	gain
12	462000	519000	6	gain
12	519000	576000	1	loss
12	576000	765000	4	gain
12	765000	951000	1	loss
12	951000	993000	4	gain
12	993000	1026000	27	gain
12	1026000	1212000	3	gain
12	1212000	1224000	9	gain
12	1326000	1425000	3	gain
12	1425000	1443000	8	gain
12	1524000	1581000	4	gain
12	1623000	1653000	4	gain
12	1653000	1698000	1	loss
12	1698000	1719000	5	gain
12	2526000	2541000	8	gain
12	2808000	2844000	6	gain
12	3213000	3396000	1	loss
12	3396000	3444000	3	gain
12	3573000	4713000	1	loss
12	19842000	20613000	4	gain
12	20706000	20943000	4	gain
12	20943000	21864000	3	gain
12	21864000	22131000	4	gain
12	23307000	25374000	1	loss
12	25734000	25989000	1	loss
12	56748000	56943000	1	loss
12	89214000	89964000	1	loss
12	102837000	103071000	1	loss
12	105402000	105576000	1	loss
12	115275000	115308000	4	gain
12	115599000	115677000	1	loss
12	115677000	115731000	3	gain
12	116067000	116163000	4	gain
12	116163000	116229000	5	gain
12	116229000	116337000	4	gain
12	116337000	116391000	1	loss
12	116391000	116439000	5	gain
12	116520000	116565000	9	gain
12	116712000	116784000	0	loss
12	116784000	116880000	1	loss
12	116880000	116970000	4	gain
12	117291000	117348000	4	gain
12	117348000	117492000	0	loss
12	117492000	117555000	3	gain
12	117642000	117684000	4	gain
13	0	120000	3	gain
13	120000	213000	1	loss
13	213000	225000	20	gain
13	225000	246000	1	loss
13	246000	411000	4	gain
13	927000	1254000	3	gain
13	1254000	1356000	6	gain
13	1356000	1917000	4	gain
13	2064000	2097000	5	gain
13	2097000	2196000	1	loss
13	2196000	2292000	5	gain
13	2292000	2448000	7	gain
13	2448000	2691000	3	gain
13	2691000	3183000	6	gain
13	3183000	3270000	3	gain
13	3270000	3348000	1	loss
13	3348000	4230000	3	gain
13	4485000	4587000	4	gain
13	5454000	5517000	5	gain
13	7746000	8097000	3	gain
13	8097000	8157000	5	gain
13	9552000	9981000	3	gain
13	9981000	10989000	1	loss
13	10989000	11238000	3	gain
13	21012000	21231000	4	gain
13	69918000	70380000	1	loss
13	70380000	70476000	5	gain
13	70476000	70869000	3	gain
13	73752000	73833000	6	gain
13	73893000	74103000	5	gain
13	74103000	74214000	3	gain
13	74214000	74343000	5	gain
13	74391000	74601000	4	gain
13	74721000	74784000	5	gain
13	74907000	75018000	7	gain
13	75018000	75093000	3	gain
13	76284000	76356000	4	gain
13	128139000	128157000	6	gain
13	128580000	128595000	11	gain
14	0	222000	1	loss
14	222000	282000	3	gain
14	282000	2421000	1	loss
14	2421000	2550000	5	gain
14	2550000	5946000	1	loss
14	5946000	6063000	5	gain
14	6063000	6288000	4	gain
14	6288000	6348000	5	gain
14	6390000	6663000	5	gain
14	6663000	6696000	1	loss
14	6696000	7017000	4	gain
14	7017000	7326000	7	gain
14	7446000	7674000	6	gain
14	7674000	7974000	4	gain
14	7974000	8247000	5	gain
14	8274000	8316000	6	gain
14	8316000	8469000	3	gain
14	8682000	8730000	5	gain
14	8874000	9072000	4	gain
14	9072000	9435000	3	gain
14	9435000	9504000	7	gain
14	9504000	10008000	3	gain
14	10008000	10170000	5	gain
14	10209000	10548000	5	gain
14	10611000	10758000	4	gain
14	10857000	11094000	4	gain
14	22677000	23595000	1	loss
14	23595000	23658000	3	gain
14	23658000	25266000	1	loss
14	25266000	25299000	3	gain
14	25299000	25689000	1	loss
14	25689000	25737000	4	gain
14	25809000	25833000	7	gain
14	25833000	26058000	1	loss
14	26223000	27246000	1	loss
14	33537000	33816000	1	loss
14	49146000	49197000	4	gain
14	49506000	49617000	3	gain
14	49617000	50337000	1	loss
14	50775000	51462000	1	loss
14	51648000	52647000	0	loss
14	61194000	61401000	3	gain
14	61401000	61584000	4	gain
14	61584000	61695000	3	gain
14	63861000	63909000	4	gain
15	0	24000	1	loss
15	24000	33000	4	gain
15	33000	177000	1	loss
15	177000	180000	12	gain
15	180000	222000	1	loss
15	222000	282000	3	gain
15	282000	2397000	1	loss
15	2397000	2463000	3	gain
15	2463000	2529000	6	gain
15	2529000	2550000	4	gain
15	2550000	3516000	1	loss
15	3516000	4764000	0	loss
15	4764000	5940000	1	loss
15	5988000	6480000	1	loss
15	6663000	7011000	4	gain
15	7083000	7272000	5	gain
15	7272000	7308000	3	gain
15	7308000	7380000	5	gain
15	7380000	7476000	3	gain
15	7476000	7545000	1	loss
15	7545000	7584000	6	gain
15	7584000	7680000	3	gain
15	7680000	7707000	1	loss
15	7707000	7716000	4	gain
15	7821000	7851000	1	loss
15	7851000	7860000	5	gain
15	7896000	8046000	0	loss
15	8046000	8169000	1	loss
15	8169000	8175000	6	gain
15	8175000	8241000	3	gain
15	8241000	8736000	1	loss
15	8736000	8742000	5	gain
15	8742000	8862000	1	loss
15	78219000	78222000	29	gain
15	81084000	81135000	4	gain
15	105570000	105573000	60	gain
15	109611000	109644000	0	loss
16	0	789000	1	loss
16	789000	810000	55	gain
16	810000	1026000	1	loss
16	1026000	1287000	5	gain
16	1473000	1743000	5	gain
16	2001000	2235000	3	gain
16	2520000	3156000	3	gain
16	3507000	3693000	3	gain
16	3693000	4494000	1	loss
16	4494000	4659000	3	gain
16	4659000	4773000	6	gain
16	4773000	4986000	3	gain
16	4986000	5085000	7	gain
16	5142000	5529000	4	gain
16	5706000	6123000	4	gain
16	6300000	6543000	6	gain
16	6543000	7653000	3	gain
16	7653000	7983000	6	gain
16	8013000	8715000	5	gain
16	8769000	9168000	6	gain
16	9168000	9204000	1	loss
16	9204000	10107000	5	gain
16	10107000	10770000	7	gain
16	10770000	11139000	3	gain
16	11139000	11361000	6	gain
16	11361000	11673000	4	gain
16	11760000	11937000	5	gain
16	12654000	12831000	1	loss
16	12831000	12906000	5	gain
16	30507000	30681000	4	gain
17	0	2400000	1	loss
17	2400000	2550000	5	gain
17	2550000	6480000	1	loss
17	6480000	8343000	3	gain
17	8343000	8820000	8	gain
17	8820000	9003000	5	gain
17	9039000	9180000	8	gain
17	9180000	9657000	5	gain
17	9726000	9771000	6	gain
17	9843000	10179000	4	gain
17	10389000	10920000	3	gain
17	10920000	12264000	1	loss
17	12264000	12321000	6	gain
17	26580000	26751000	8	gain
17	26751000	26814000	4	gain
17	28533000	28986000	0	loss
17	31782000	31869000	5	gain
17	32121000	32253000	6	gain
17	32517000	32742000	0	loss
17	40821000	40941000	4	gain
17	44859000	44922000	4	gain
17	48141000	48282000	5	gain
17	49545000	49857000	0	loss
18	0	24000	1	loss
18	24000	33000	5	gain
18	33000	255000	1	loss
18	255000	282000	3	gain
18	282000	816000	0	loss
18	816000	987000	1	loss
18	1290000	2397000	1	loss
18	2397000	2463000	3	gain
18	2463000	2529000	6	gain
18	2529000	2550000	4	gain
18	2550000	3081000	1	loss
18	3240000	3351000	1	loss
18	3462000	3498000	5	gain
18	3498000	3945000	1	loss
18	3945000	3963000	3	gain
18	3963000	4740000	1	loss
18	5415000	5505000	3	gain
18	5505000	5859000	1	loss
18	5859000	5988000	3	gain
18	5988000	6453000	1	loss
18	6453000	6600000	3	gain
18	6600000	7347000	7	gain
18	7347000	7365000	3	gain
18	7365000	7413000	6	gain
18	7413000	7458000	3	gain
18	7458000	7560000	10	gain
18	7560000	7767000	4	gain
18	7767000	7812000	8	gain
18	7863000	7971000	4	gain
18	8148000	8391000	1	loss
18	8391000	8508000	3	gain
18	8508000	8610000	1	loss
18	8610000	8772000	4	gain
18	8772000	9273000	1	loss
18	9273000	9294000	5	gain
18	9318000	9342000	4	gain
18	9411000	9429000	6	gain
18	9429000	9453000	3	gain
18	9453000	9516000	9	gain
18	9516000	9660000	5	gain
18	9693000	9771000	6	gain
18	9771000	9861000	4	gain
18	9861000	9978000	3	gain
18	9978000	10131000	1	loss
18	89643000	89688000	0	loss
19	0	24000	1	loss
19	24000	33000	4	gain
19	33000	222000	1	loss
19	222000	282000	3	gain
19	282000	816000	1	loss
19	987000	1272000	4	gain
19	2043000	2082000	5	gain
19	2082000	2397000	1	loss
19	2397000	2463000	3	gain
19	2463000	2529000	6	gain
19	2529000	2550000	3	gain
19	2550000	3081000	1	loss
19	3237000	3351000	1	loss
19	3351000	3459000	3	gain
19	3459000	3492000	6	gain
19	3492000	3945000	1	loss
19	3945000	3963000	3	gain
19	3963000	4740000	1	loss
19	5412000	5505000	4	gain
19	5505000	5859000	1	loss
19	5859000	6069000	3	gain
19	6069000	6453000	1	loss
19	6453000	6597000	3	gain
19	6597000	6681000	6	gain
19	7158000	7200000	9	gain
19	7200000	7242000	3	gain
19	7242000	7314000	7	gain
19	7314000	7353000	3	gain
19	7353000	7416000	7	gain
19	7416000	7446000	3	gain
19	7446000	7506000	7	gain
19	7506000	7608000	4	gain
19	7641000	7659000	6	gain
19	14259000	14490000	0	loss
19	38571000	38802000	1	loss
19	39420000	39462000	4	gain
19	44280000	44349000	0	loss
X	0	600000	3	gain
X	600000	939000	34	gain
X	939000	1053000	3	gain
X	1161000	1287000	4	gain
X	1680000	1890000	2	gain
X	1890000	2289000	5	gain
X	2289000	2577000	7	gain
X	2577000	2643000	2	gain
X	4407000	5067000	2	gain
X	5067000	5337000	3	gain
X	5337000	5682000	2	gain
X	5682000	6222000	0	loss
X	6222000	6678000	2	gain
X	6678000	7317000	0	loss
X	7317000	7722000	2	gain
X	8016000	8466000	2	gain
X	8466000	8826000	7	gain
X	8826000	9039000	4	gain
X	9039000	9150000	2	gain
X	9150000	9309000	3	gain
X	9513000	9672000	9	gain
X	9672000	9702000	0	loss
X	9702000	9795000	3	gain
X	9978000	10044000	3	gain
X	29472000	32355000	0	loss
X	32355000	36507000	2	gain
X	36507000	36792000	3	gain
X	55254000	55398000	2	gain
X	56184000	56256000	3	gain
X	124254000	125220000	2	gain
X	149430000	149763000	2	gain
X	169827000	170187000	0	loss
X	170187000	170208000	6	gain
X	170208000	170718000	0	loss
Y	246000	1083000	0	loss
Y	1083000	1089000	8	gain
Y	1872000	3909000	0	loss
Y	6030000	6036000	8	gain
Y	6129000	6138000	6	gain
Y	9603000	9906000	2	gain
Y	13095000	14250000	0	loss
Y	14895000	14943000	2	gain
Y	19731000	19752000	3	gain
Y	24657000	24819000	2	gain
Y	58350000	58548000	2	gain
Y	60198000	60396000	2	gain
Y	71889000	71952000	2	gain
Y	77034000	77241000	2	gain
Y	78738000	78942000	2	gain
Y	83997000	84177000	2	gain
Y	85611000	85815000	2	gain
Y	85815000	85914000	4	gain
Y	85914000	86172000	2	gain
Y	86610000	87654000	2	gain
Y	91890000	91899000	18	gain
Y	93483000	93522000	3	gain
Y	93522000	94941000	0	loss
Y	94941000	94944000	6	gain
