1	0	186000	5	gain
1	414000	531000	4	gain
1	579000	801000	4	gain
1	801000	1011000	3	gain
1	1011000	1296000	6	gain
1	1296000	1752000	4	gain
1	1752000	1863000	1	loss
1	1863000	2316000	12	gain
1	2316000	2349000	3	gain
1	2349000	2523000	10	gain
1	2616000	3753000	11	gain
1	3753000	3885000	3	gain
1	3885000	3990000	7	gain
1	3990000	4038000	3	gain
1	4038000	4419000	5	gain
1	4419000	4626000	10	gain
1	4641000	4824000	8	gain
1	4824000	5430000	3	gain
1	5430000	5610000	6	gain
1	5610000	5634000	1	loss
1	5634000	6078000	5	gain
1	6078000	6174000	3	gain
1	6174000	6249000	6	gain
1	6249000	6309000	3	gain
1	6309000	6747000	5	gain
1	6768000	6810000	5	gain
1	6810000	7359000	12	gain
1	7359000	7716000	5	gain
1	7716000	8046000	10	gain
1	8046000	8259000	3	gain
1	8259000	8418000	7	gain
1	8418000	8673000	4	gain
1	8673000	8889000	6	gain
1	8985000	9228000	4	gain
1	9228000	9273000	0	loss
1	9273000	9588000	4	gain
1	9717000	9954000	4	gain
1	9954000	10017000	1	loss
1	10017000	10371000	4	gain
1	10551000	10731000	5	gain
1	10785000	10845000	6	gain
1	10845000	10938000	3	gain
1	10938000	11019000	0	loss
1	11019000	11064000	3	gain
1	11064000	11193000	1	loss
1	11193000	11283000	4	gain
1	11283000	11445000	3	gain
1	11445000	11652000	4	gain
1	33303000	33309000	70	gain
1	93666000	93909000	3	gain
1	96309000	96462000	4	gain
1	96462000	96744000	3	gain
1	97089000	97119000	4	gain
1	151365000	151515000	1	loss
1	151515000	151842000	3	gain
1	183207000	183282000	11	gain
1	185214000	185385000	1	loss
1	189558000	189720000	3	gain
2	0	153000	5	gain
2	987000	1302000	4	gain
2	1302000	2085000	3	gain
2	2085000	2400000	1	loss
2	2400000	2526000	4	gain
2	3081000	3240000	3	gain
2	3240000	3351000	1	loss
2	3351000	3459000	4	gain
2	3459000	3498000	9	gain
2	3498000	3918000	1	loss
2	3918000	4029000	4	gain
2	5412000	5505000	5	gain
2	5859000	6030000	4	gain
2	6393000	6822000	3	gain
2	6822000	7176000	1	loss
2	7176000	7371000	3	gain
2	7563000	7596000	5	gain
2	7596000	7860000	1	loss
2	7860000	8685000	10	gain
2	8685000	8922000	4	gain
2	9036000	9294000	3	gain
2	9294000	9651000	5	gain
2	9738000	10086000	3	gain
2	10086000	10248000	1	loss
2	10248000	10335000	4	gain
2	10671000	11040000	3	gain
2	11040000	11094000	0	loss
2	11262000	11433000	5	gain
2	11433000	12600000	3	gain
2	12600000	12711000	1	loss
2	110007000	110334000	1	loss
2	132045000	132111000	0	loss
2	160767000	160836000	3	gain
2	184728000	184881000	6	gain
2	184881000	185844000	1	loss
2	185943000	185979000	6	gain
3	0	72000	3	gain
3	72000	87000	8	gain
3	246000	288000	5	gain
3	387000	570000	1	loss
3	570000	879000	5	gain
3	903000	972000	6	gain
3	1017000	1113000	4	gain
3	1545000	1587000	4	gain
3	1587000	1785000	1	loss
3	1785000	1977000	9	gain
3	1977000	2028000	3	gain
3	2028000	2601000	6	gain
3	2673000	2778000	7	gain
3	3003000	3219000	5	gain
3	3219000	3249000	1	loss
3	3249000	3333000	5	gain
3	3378000	3399000	9	gain
3	3399000	3918000	1	loss
3	3918000	4119000	4	gain
3	4119000	4188000	1	loss
3	4188000	4260000	5	gain
3	4260000	4299000	3	gain
3	4299000	4317000	9	gain
3	4317000	5040000	1	loss
3	5040000	5064000	4	gain
3	5064000	5148000	1	loss
3	5148000	5187000	3	gain
3	5187000	5253000	7	gain
3	17667000	18195000	1	loss
3	22887000	22935000	4	gain
3	58293000	58671000	3	gain
3	66648000	66738000	4	gain
3	66798000	66885000	0	loss
3	93444000	93684000	0	loss
3	96162000	96366000	1	loss
3	108714000	109140000	3	gain
4	0	120000	1	loss
4	120000	156000	5	gain
4	189000	225000	4	gain
4	225000	351000	1	loss
4	351000	450000	4	gain
4	471000	576000	7	gain
4	576000	633000	3	gain
4	633000	1590000	1	loss
4	1590000	1743000	8	gain
4	1743000	1848000	4	gain
4	1848000	1968000	11	gain
4	2001000	2337000	4	gain
4	2337000	2376000	1	loss
4	2376000	2394000	5	gain
4	2394000	2928000	3	gain
4	41544000	41700000	5	gain
4	41700000	41772000	7	gain
4	41772000	42015000	4	gain
4	48618000	48660000	4	gain
4	57261000	57432000	3	gain
4	59382000	60060000	1	loss
4	60129000	60738000	1	loss
4	60738000	60795000	3	gain
4	60795000	61071000	1	loss
4	88038000	88065000	5	gain
4	111255000	111789000	0	loss
4	112005000	113064000	0	loss
4	117750000	117834000	1	loss
4	120951000	120993000	0	loss
4	121080000	121542000	0	loss
4	121611000	121656000	4	gain
4	142533000	142605000	4	gain
4	142833000	142839000	9	gain
4	142839000	142983000	1	loss
4	144384000	144501000	5	gain
4	144501000	144558000	3	gain
4	144891000	145215000	4	gain
4	145215000	145278000	6	gain
4	145422000	146130000	1	loss
4	146130000	146241000	3	gain
4	146241000	146385000	6	gain
4	146385000	146670000	3	gain
4	146670000	146886000	5	gain
4	146886000	146958000	4	gain
4	147090000	147117000	5	gain
4	147423000	147621000	3	gain
4	147621000	147687000	5	gain
4	147687000	147759000	3	gain
4	148065000	148350000	3	gain
4	148350000	148587000	5	gain
4	148587000	148671000	4	gain
4	148722000	148791000	5	gain
4	148791000	148869000	3	gain
4	149184000	149313000	4	gain
4	151092000	151263000	1	loss
4	158094000	158112000	4	gain
4	158112000	158226000	1	loss
4	158226000	158238000	5	gain
4	158238000	158304000	1	loss
4	158304000	158322000	4	gain
4	158322000	158377951	1	loss
5	0	138000	4	gain
5	282000	291000	7	gain
5	291000	987000	1	loss
5	1494000	2397000	1	loss
5	2397000	2541000	4	gain
5	2541000	3459000	1	loss
5	3459000	3492000	5	gain
5	3492000	3915000	1	loss
5	3915000	4029000	3	gain
5	4029000	5859000	1	loss
5	5859000	5988000	3	gain
5	5988000	6480000	1	loss
5	6480000	6792000	5	gain
5	6822000	6918000	4	gain
5	6918000	6945000	8	gain
5	7053000	7209000	5	gain
5	7209000	7296000	3	gain
5	7296000	7560000	9	gain
5	7560000	7572000	1	loss
5	7572000	7689000	5	gain
5	7782000	7836000	5	gain
5	8073000	8193000	6	gain
5	8193000	8238000	3	gain
5	8238000	8391000	6	gain
5	8391000	8688000	3	gain
5	8688000	8772000	6	gain
5	8772000	8970000	3	gain
5	17106000	17397000	4	gain
5	17661000	17826000	4	gain
5	17826000	17901000	6	gain
5	20877000	21855000	1	loss
5	22317000	22971000	1	loss
5	22971000	23061000	3	gain
5	23061000	23544000	1	loss
5	23544000	23784000	3	gain
5	23784000	24246000	1	loss
5	24246000	24345000	3	gain
5	34698000	34941000	3	gain
5	34941000	34998000	6	gain
5	97038000	97107000	4	gain
5	102717000	106533000	1	loss
5	115347000	115524000	1	loss
5	156168000	156237000	0	loss
5	156237000	156330000	3	gain
5	156330000	156375000	5	gain
6	0	576000	6	gain
6	576000	930000	30	gain
6	951000	969000	7	gain
6	1035000	1098000	5	gain
6	1098000	1716000	1	loss
6	1716000	1836000	8	gain
6	2115000	2418000	8	gain
6	2598000	2760000	5	gain
6	2826000	3072000	5	gain
6	3072000	3135000	7	gain
6	3135000	3333000	3	gain
6	3333000	3750000	7	gain
6	3798000	3909000	7	gain
6	3909000	4008000	3	gain
6	4008000	4170000	6	gain
6	4170000	4371000	4	gain
6	4371000	4956000	3	gain
6	62088000	62475000	0	loss
6	69747000	69789000	5	gain
6	70293000	70362000	4	gain
6	71169000	71463000	0	loss
6	71580000	71751000	0	loss
6	87819000	87855000	5	gain
6	116601000	116685000	4	gain
6	126000000	126249000	0	loss
6	131040000	131109000	0	loss
6	132228000	132483000	0	loss
6	132873000	133011000	1	loss
6	133011000	133062000	3	gain
6	133062000	133125000	6	gain
6	133974000	134124000	0	loss
7	504000	978000	1	loss
7	978000	1536000	4	gain
7	1536000	1584000	1	loss
7	1584000	1740000	3	gain
7	1740000	1860000	5	gain
7	1860000	1965000	1	loss
7	1965000	2277000	3	gain
7	2277000	2781000	9	gain
7	2781000	2916000	4	gain
7	2916000	4005000	17	gain
7	4023000	4176000	7	gain
7	4176000	4482000	3	gain
7	4482000	4701000	5	gain
7	4701000	4845000	3	gain
7	4845000	5283000	6	gain
7	5382000	5553000	6	gain
7	5553000	6600000	1	loss
7	6600000	7737000	7	gain
7	7737000	7773000	3	gain
7	7773000	7875000	7	gain
7	7875000	8043000	3	gain
7	8043000	9756000	1	loss
7	9756000	9822000	7	gain
7	9822000	9951000	3	gain
7	9951000	11688000	1	loss
7	12588000	12642000	5	gain
7	12642000	12879000	1	loss
7	12879000	13167000	5	gain
7	13167000	13317000	1	loss
7	13317000	13365000	5	gain
7	13365000	13920000	1	loss
7	13920000	14262000	5	gain
7	14262000	14415000	3	gain
7	14415000	14457000	1	loss
7	14457000	14814000	8	gain
7	14814000	14982000	3	gain
7	14982000	15054000	6	gain
7	15054000	15099000	3	gain
7	15099000	15693000	7	gain
7	15693000	15975000	4	gain
7	16035000	16359000	7	gain
7	16458000	16533000	8	gain
7	16533000	16629000	3	gain
7	16629000	17334000	6	gain
7	17601000	17622000	7	gain
7	17694000	17829000	5	gain
7	17976000	18159000	4	gain
7	22470000	23727000	4	gain
7	23727000	24864000	3	gain
7	24864000	24984000	5	gain
7	25659000	26463000	1	loss
7	29607000	30063000	3	gain
7	30063000	30696000	1	loss
7	32481000	32820000	1	loss
7	35298000	35511000	3	gain
7	35511000	35838000	1	loss
7	36531000	36585000	4	gain
7	44910000	46527000	1	loss
7	51528000	51660000	7	gain
7	51660000	51786000	3	gain
7	60753000	61080000	1	loss
7	61080000	61143000	4	gain
7	64296000	64350000	7	gain
7	92727000	93081000	1	loss
7	119595000	120135000	1	loss
7	157377000	157425000	5	gain
8	0	84000	3	gain
8	198000	213000	7	gain
8	213000	441000	1	loss
8	441000	450000	14	gain
8	450000	906000	1	loss
8	1398000	1842000	1	loss
8	1947000	2103000	4	gain
8	2787000	2937000	4	gain
8	2937000	3093000	7	gain
8	3093000	3333000	4	gain
8	3333000	4362000	1	loss
8	4362000	4419000	3	gain
8	4419000	5160000	6	gain
8	5160000	5199000	3	gain
8	5199000	5727000	7	gain
8	5727000	5871000	3	gain
8	5871000	7770000	1	loss
8	7770000	7950000	3	gain
8	7950000	8016000	7	gain
8	8202000	8733000	1	loss
8	8733000	8742000	6	gain
8	8742000	9033000	1	loss
8	9033000	9336000	4	gain
8	9336000	9504000	1	loss
8	9504000	9546000	4	gain
8	9546000	10083000	1	loss
8	10083000	10200000	5	gain
8	10200000	12303000	1	loss
8	12303000	12357000	4	gain
8	12357000	12900000	1	loss
8	29298000	29346000	5	gain
8	29541000	29595000	5	gain
8	29595000	29697000	3	gain
8	29697000	29739000	5	gain
8	29739000	29790000	3	gain
8	29790000	30864000	5	gain
8	30864000	30933000	3	gain
8	30933000	31290000	5	gain
8	31290000	31392000	3	gain
8	31392000	31428000	1	loss
8	31428000	31545000	6	gain
8	31545000	31611000	3	gain
8	31611000	31707000	5	gain
8	31707000	31845000	3	gain
8	31845000	32061000	5	gain
8	32061000	32175000	3	gain
8	32175000	32490000	5	gain
8	32661000	32676000	5	gain
8	32676000	33324000	1	loss
8	38952000	39027000	4	gain
8	66819000	67284000	3	gain
8	83448000	83793000	1	loss
8	135465000	135591000	1	loss
9	0	228000	4	gain
9	228000	513000	1	loss
9	513000	540000	7	gain
9	561000	747000	13	gain
9	747000	1107000	3	gain
9	1107000	1197000	6	gain
9	1218000	1917000	7	gain
9	1971000	2181000	5	gain
9	2181000	2244000	3	gain
9	2244000	2793000	6	gain
9	2880000	2976000	6	gain
9	3096000	3204000	6	gain
9	3204000	3270000	3	gain
9	3270000	3771000	6	gain
9	3807000	4260000	6	gain
9	4305000	4749000	5	gain
9	4749000	5769000	3	gain
9	5769000	6021000	7	gain
9	6021000	6171000	4	gain
9	6171000	6300000	6	gain
9	6300000	6366000	1	loss
9	6366000	7347000	3	gain
9	7941000	7986000	4	gain
9	7986000	8382000	1	loss
9	8508000	8739000	1	loss
9	8739000	8766000	4	gain
9	8970000	9417000	3	gain
9	9417000	10047000	8	gain
9	10047000	10482000	1	loss
9	10785000	10914000	5	gain
9	10914000	11043000	3	gain
9	11043000	11100000	6	gain
9	27585000	27690000	0	loss
9	131778000	131802000	22	gain
9	132018000	132357000	0	loss
10	0	231000	1	loss
10	231000	309000	3	gain
10	309000	417000	10	gain
10	417000	594000	0	loss
10	594000	621000	7	gain
10	747000	876000	4	gain
10	876000	918000	0	loss
10	918000	948000	4	gain
10	1005000	1035000	6	gain
10	1035000	1059000	0	loss
10	1059000	1197000	5	gain
10	1197000	1272000	3	gain
10	1272000	1449000	5	gain
10	1449000	1683000	8	gain
10	1683000	1707000	3	gain
10	1707000	2001000	9	gain
10	2001000	2175000	5	gain
10	2175000	2322000	4	gain
10	2322000	2466000	6	gain
10	2466000	2733000	1	loss
10	2733000	2745000	6	gain
10	2745000	2781000	1	loss
10	2781000	3000000	3	gain
10	3183000	3198000	7	gain
10	3198000	3462000	3	gain
10	3525000	3648000	5	gain
10	3648000	3660000	1	loss
10	3660000	3765000	6	gain
10	3765000	3810000	3	gain
10	3810000	3831000	7	gain
10	3870000	3984000	5	gain
10	4218000	4332000	5	gain
10	4395000	4416000	5	gain
10	4551000	4851000	6	gain
10	4851000	5106000	4	gain
10	5106000	5217000	5	gain
10	5217000	5490000	1	loss
10	5490000	5514000	6	gain
10	5907000	5934000	5	gain
10	5934000	6186000	3	gain
10	6234000	6324000	5	gain
10	6351000	6441000	7	gain
10	6441000	6585000	3	gain
10	6585000	6645000	7	gain
10	6888000	6900000	8	gain
10	6900000	6909000	1	loss
10	6909000	7023000	5	gain
10	7086000	7104000	5	gain
10	7242000	7752000	6	gain
10	7752000	7818000	1	loss
10	8067000	8082000	7	gain
10	8082000	8166000	3	gain
10	8166000	8241000	0	loss
10	8430000	8634000	0	loss
10	87132000	87450000	1	loss
10	105801000	105831000	5	gain
11	0	90000	5	gain
11	162000	378000	6	gain
11	1035000	1239000	4	gain
11	1278000	1335000	4	gain
11	1557000	1677000	7	gain
11	1677000	2085000	4	gain
11	2139000	2394000	4	gain
11	2394000	2730000	3	gain
11	2730000	2886000	9	gain
11	2886000	3111000	4	gain
11	3111000	3282000	7	gain
11	3282000	4017000	4	gain
11	4017000	4515000	7	gain
11	4515000	4551000	0	loss
11	4551000	5631000	7	gain
11	5667000	6252000	6	gain
11	6252000	6267000	1	loss
11	6267000	6456000	4	gain
11	6495000	6858000	4	gain
11	6948000	7131000	3	gain
11	7131000	7500000	7	gain
11	7518000	7641000	4	gain
11	7641000	8613000	8	gain
11	8613000	8679000	4	gain
11	8679000	9165000	6	gain
11	9201000	9381000	4	gain
11	9381000	10227000	3	gain
11	10404000	10560000	3	gain
11	10560000	10782000	7	gain
11	10782000	10998000	4	gain
11	10998000	11073000	3	gain
11	11073000	11115000	5	gain
11	68358000	68481000	4	gain
11	78966000	79107000	1	loss
11	91488000	91509000	6	gain
12	0	90000	1	loss
12	90000	120000	4	gain
12	120000	378000	1	loss
12	378000	462000	3	gain
12	462000	519000	9	gain
12	519000	609000	0	loss
12	609000	765000	4	gain
12	906000	912000	23	gain
12	912000	993000	1	loss
12	993000	1026000	11	gain
12	1026000	1053000	1	loss
12	1053000	1524000	3	gain
12	1524000	1581000	5	gain
12	1623000	1899000	3	gain
12	2316000	2706000	3	gain
12	2706000	2844000	5	gain
12	2895000	2928000	8	gain
12	2928000	3324000	3	gain
12	3384000	3444000	4	gain
12	19845000	20016000	5	gain
12	20016000	20355000	3	gain
12	20355000	20655000	4	gain
12	20655000	20805000	6	gain
12	20805000	20943000	4	gain
12	20943000	21864000	3	gain
12	21864000	21948000	6	gain
12	21948000	22629000	4	gain
12	23526000	23883000	1	loss
12	24081000	24645000	1	loss
12	24723000	24822000	5	gain
12	25437000	25656000	1	loss
12	25725000	25989000	1	loss
12	56757000	56949000	1	loss
12	89709000	89793000	0	loss
12	115266000	115401000	5	gain
12	116523000	116571000	5	gain
12	116898000	116928000	5	gain
12	117216000	117408000	3	gain
12	117525000	117555000	5	gain
13	0	63000	6	gain
13	96000	120000	6	gain
13	210000	228000	7	gain
13	228000	246000	1	loss
13	246000	411000	6	gain
13	1170000	1905000	4	gain
13	2196000	2631000	5	gain
13	2631000	2691000	4	gain
13	2691000	3210000	9	gain
13	3210000	3270000	3	gain
13	3270000	3354000	1	loss
13	3354000	3552000	4	gain
13	3615000	4266000	3	gain
13	4485000	4587000	5	gain
13	4767000	4932000	4	gain
13	4932000	5466000	3	gain
13	5466000	5520000	6	gain
13	5520000	5685000	3	gain
13	5685000	5757000	1	loss
13	5970000	6072000	4	gain
13	7422000	7566000	4	gain
13	7746000	7836000	4	gain
13	7836000	8109000	3	gain
13	8109000	8160000	5	gain
13	8160000	8337000	3	gain
13	8337000	8409000	1	loss
13	9558000	9585000	6	gain
13	9585000	9981000	3	gain
13	9981000	10950000	1	loss
13	21243000	21543000	3	gain
13	41583000	41913000	1	loss
13	41913000	41973000	4	gain
13	66942000	67653000	4	gain
13	69924000	70017000	0	loss
13	70017000	70080000	4	gain
13	70080000	70380000	1	loss
13	70380000	70476000	6	gain
13	71001000	71010000	8	gain
13	73767000	73833000	6	gain
13	73893000	74013000	4	gain
13	74013000	74580000	3	gain
13	74580000	74601000	7	gain
13	74601000	74712000	1	loss
13	74712000	74790000	7	gain
13	74790000	74907000	1	loss
13	74907000	75093000	4	gain
13	76401000	76788000	1	loss
13	128580000	128595000	25	gain
14	0	24000	1	loss
14	24000	33000	7	gain
14	33000	2400000	1	loss
14	2400000	2544000	4	gain
14	2544000	5949000	1	loss
14	5949000	6135000	5	gain
14	6135000	6213000	3	gain
14	6213000	6663000	6	gain
14	6663000	6696000	1	loss
14	6696000	7008000	5	gain
14	7008000	7326000	8	gain
14	7326000	7419000	3	gain
14	7419000	7683000	8	gain
14	7683000	7971000	4	gain
14	7971000	8241000	7	gain
14	8241000	8469000	4	gain
14	8664000	8910000	3	gain
14	8910000	9075000	6	gain
14	9075000	9426000	4	gain
14	9426000	9507000	9	gain
14	9507000	9672000	4	gain
14	9672000	10758000	6	gain
14	10857000	10974000	5	gain
14	10974000	11190000	3	gain
14	22791000	22992000	0	loss
14	23595000	23670000	5	gain
14	23670000	25257000	1	loss
14	25257000	25302000	7	gain
14	25302000	25689000	1	loss
14	25689000	25737000	7	gain
14	25809000	25833000	7	gain
14	25833000	27300000	1	loss
14	27300000	27333000	5	gain
14	33537000	33816000	1	loss
14	49575000	49617000	6	gain
14	49848000	50358000	1	loss
14	50358000	50913000	3	gain
14	50913000	51498000	1	loss
14	51498000	51651000	4	gain
14	51651000	52644000	0	loss
14	60723000	61440000	3	gain
14	61440000	61716000	4	gain
15	0	24000	1	loss
15	24000	33000	8	gain
15	33000	2400000	1	loss
15	2400000	2541000	4	gain
15	2541000	3516000	1	loss
15	3516000	3918000	0	loss
15	4056000	5859000	1	loss
15	5988000	6336000	1	loss
15	6480000	6555000	6	gain
15	6555000	6660000	4	gain
15	6660000	7092000	7	gain
15	7167000	7242000	3	gain
15	7242000	7455000	5	gain
15	7455000	7545000	1	loss
15	7545000	7575000	4	gain
15	7575000	7599000	9	gain
15	7599000	7677000	3	gain
15	7677000	7710000	1	loss
15	7710000	7728000	5	gain
15	7821000	7851000	0	loss
15	7851000	7914000	3	gain
15	7914000	7971000	1	loss
15	7971000	7986000	6	gain
15	7986000	8796000	3	gain
16	0	189000	3	gain
16	189000	786000	1	loss
16	786000	810000	11	gain
16	810000	1026000	1	loss
16	1026000	1197000	6	gain
16	1197000	1476000	4	gain
16	1476000	1743000	7	gain
16	1743000	1887000	3	gain
16	1887000	1914000	6	gain
16	1914000	2001000	1	loss
16	2001000	2250000	4	gain
16	2250000	2331000	1	loss
16	2331000	3075000	3	gain
16	3075000	3156000	5	gain
16	3501000	3624000	5	gain
16	4056000	4491000	1	loss
16	4608000	4929000	4	gain
16	4929000	5151000	3	gain
16	5151000	5472000	5	gain
16	5472000	5706000	3	gain
16	5706000	5772000	6	gain
16	5772000	6036000	3	gain
16	6036000	6297000	5	gain
16	6297000	6543000	10	gain
16	6543000	7380000	4	gain
16	7380000	7488000	9	gain
16	7488000	7572000	4	gain
16	7572000	8664000	8	gain
16	8664000	8763000	3	gain
16	8763000	9171000	7	gain
16	9204000	9927000	7	gain
16	9945000	10743000	9	gain
16	10743000	11670000	4	gain
16	11739000	11982000	5	gain
16	12066000	12180000	3	gain
16	12180000	12360000	1	loss
16	12360000	12987000	3	gain
16	13062000	13182000	5	gain
16	13281000	13413000	5	gain
16	13500000	13626000	5	gain
16	13719000	13845000	5	gain
16	13941000	14064000	5	gain
16	14160000	14292000	5	gain
16	14379000	14511000	5	gain
17	0	24000	1	loss
17	24000	33000	9	gain
17	33000	987000	1	loss
17	1497000	2400000	1	loss
17	2400000	2544000	4	gain
17	2544000	3456000	1	loss
17	3456000	3510000	3	gain
17	3510000	3915000	1	loss
17	4056000	5859000	1	loss
17	5859000	5988000	3	gain
17	5988000	6315000	1	loss
17	6315000	6750000	3	gain
17	6750000	6900000	5	gain
17	6900000	6942000	1	loss
17	6942000	7290000	4	gain
17	7440000	7638000	4	gain
17	7638000	7806000	3	gain
17	7806000	8343000	4	gain
17	8343000	9012000	10	gain
17	9042000	9636000	9	gain
17	9726000	9771000	8	gain
17	9843000	10179000	5	gain
17	10254000	10908000	3	gain
17	10908000	10920000	8	gain
17	10920000	12264000	1	loss
17	12264000	12321000	5	gain
17	22356000	22593000	4	gain
17	22593000	22809000	1	loss
17	22809000	22947000	4	gain
17	23151000	23223000	1	loss
17	23223000	23241000	7	gain
17	28533000	28986000	0	loss
17	32124000	32253000	5	gain
17	32517000	32748000	1	loss
17	40821000	40941000	4	gain
17	44859000	44955000	5	gain
17	45840000	45897000	4	gain
17	48141000	48315000	3	gain
17	84069000	84330000	1	loss
18	132000	987000	1	loss
18	987000	1113000	4	gain
18	1152000	1173000	4	gain
18	1194000	1281000	4	gain
18	2070000	2286000	1	loss
18	2394000	2544000	3	gain
18	2544000	3081000	1	loss
18	3081000	3114000	4	gain
18	3240000	3351000	1	loss
18	3351000	3459000	3	gain
18	3459000	3489000	8	gain
18	3489000	3510000	4	gain
18	3510000	3918000	1	loss
18	3945000	3963000	6	gain
18	3963000	4056000	3	gain
18	4056000	4641000	1	loss
18	4641000	4650000	5	gain
18	5286000	5292000	8	gain
18	5376000	5382000	6	gain
18	5382000	5412000	1	loss
18	5412000	5508000	4	gain
18	5508000	5652000	1	loss
18	5784000	5859000	1	loss
18	5859000	5991000	5	gain
18	5991000	6150000	3	gain
18	6150000	6252000	1	loss
18	6447000	6480000	3	gain
18	6480000	6597000	6	gain
18	6597000	7818000	13	gain
18	7818000	7833000	3	gain
18	7833000	7995000	7	gain
18	7995000	8103000	4	gain
18	8391000	8448000	3	gain
18	8448000	8511000	5	gain
18	8610000	8772000	5	gain
18	8772000	8871000	3	gain
18	9276000	9291000	5	gain
18	9318000	9351000	4	gain
18	9408000	9519000	10	gain
18	9531000	9696000	4	gain
18	9696000	9837000	7	gain
18	9846000	9864000	6	gain
18	9897000	10005000	3	gain
18	10131000	10155000	5	gain
18	10185000	10242000	5	gain
18	10290000	10317000	5	gain
18	28131000	28152000	6	gain
18	89643000	89688000	0	loss
18	97923000	97959000	4	gain
19	0	987000	1	loss
19	987000	1113000	6	gain
19	1113000	1281000	4	gain
19	1281000	2082000	3	gain
19	2082000	2394000	1	loss
19	2394000	2544000	3	gain
19	3081000	3240000	3	gain
19	3240000	3351000	1	loss
19	3351000	3453000	4	gain
19	3453000	3495000	7	gain
19	3495000	3915000	1	loss
19	3915000	4029000	3	gain
19	5412000	5508000	5	gain
19	5508000	5652000	1	loss
19	5862000	6060000	5	gain
19	6480000	6852000	7	gain
19	6852000	7035000	4	gain
19	7119000	7311000	4	gain
19	7353000	7413000	8	gain
19	7413000	7608000	4	gain
19	7803000	7989000	4	gain
19	14259000	14505000	0	loss
19	33759000	34002000	4	gain
X	0	216000	5	gain
X	216000	276000	2	gain
X	276000	576000	4	gain
X	576000	939000	29	gain
X	939000	1059000	4	gain
X	1149000	1296000	6	gain
X	1680000	1824000	4	gain
X	1824000	1890000	2	gain
X	1890000	2580000	8	gain
X	2580000	2643000	3	gain
X	4176000	5451000	2	gain
X	6234000	6426000	3	gain
X	6426000	6621000	4	gain
X	7509000	7740000	3	gain
X	8727000	9153000	2	gain
X	9153000	9312000	4	gain
X	9312000	9513000	2	gain
X	9711000	9942000	2	gain
X	9942000	10116000	5	gain
X	10116000	10254000	3	gain
X	10254000	10350000	2	gain
X	10350000	10719000	3	gain
X	31845000	32106000	2	gain
X	56184000	56253000	3	gain
X	124254000	125175000	2	gain
X	135300000	135357000	3	gain
X	147585000	149424000	0	loss
X	153819000	154218000	2	gain
X	170184000	170208000	5	gain
X	170412000	170478000	3	gain
Y	246000	1083000	0	loss
Y	1083000	1089000	7	gain
Y	1746000	3909000	0	loss
Y	13095000	14244000	0	loss
Y	14895000	14943000	3	gain
Y	19731000	19752000	4	gain
Y	24657000	24906000	3	gain
Y	24906000	25344000	2	gain
Y	26556000	26913000	2	gain
Y	37587000	39207000	2	gain
Y	58350000	58530000	3	gain
Y	60198000	60396000	3	gain
Y	71892000	71952000	3	gain
Y	77034000	77241000	3	gain
Y	77241000	78738000	2	gain
Y	78738000	78942000	3	gain
Y	80682000	83961000	2	gain
Y	83961000	84177000	4	gain
Y	85020000	85611000	2	gain
Y	85611000	85815000	3	gain
Y	85815000	85914000	6	gain
Y	85914000	86172000	3	gain
Y	86610000	87426000	2	gain
Y	91890000	91899000	11	gain
Y	91899000	92073000	2	gain
Y	93483000	93528000	10	gain
