1	0	185724	6	gain
1	415668	800382	3	gain
1	1010427	1295646	6	gain
1	1295646	1751112	3	gain
1	1751112	1861662	1	loss
1	1861662	2317128	12	gain
1	2317128	2350293	3	gain
1	2350293	2524962	10	gain
1	2615613	3743223	11	gain
1	3743223	3884727	3	gain
1	3884727	3990855	7	gain
1	3990855	4037286	3	gain
1	4037286	4419789	5	gain
1	4419789	4824402	9	gain
1	4824402	5441271	3	gain
1	5441271	5598252	6	gain
1	5598252	5633628	1	loss
1	5633628	6078039	5	gain
1	6078039	6173112	3	gain
1	6173112	6809880	5	gain
1	6809880	7360419	12	gain
1	7360419	7716390	5	gain
1	7716390	8048040	11	gain
1	8048040	8260296	3	gain
1	8260296	8397378	7	gain
1	8397378	8671542	3	gain
1	8671542	8888220	6	gain
1	8985504	9230925	4	gain
1	9230925	9275145	1	loss
1	9275145	9586896	4	gain
1	9717345	9953922	4	gain
1	9953922	10015830	1	loss
1	10015830	10371801	4	gain
1	10553103	10729983	5	gain
1	10783047	10844955	5	gain
1	10844955	10937817	3	gain
1	10937817	11019624	1	loss
1	11198715	11282733	4	gain
1	11282733	11444136	3	gain
1	11444136	11649759	4	gain
1	33302082	33308715	60	gain
1	93675648	93907803	3	gain
1	96308949	96463719	4	gain
1	96463719	96740094	3	gain
1	97087221	97118175	4	gain
1	151362849	151515408	1	loss
1	151515408	151840425	3	gain
1	183205671	183283056	11	gain
1	185215470	185385717	0	loss
1	189560085	189728121	3	gain
2	0	152559	5	gain
2	986106	1291224	5	gain
2	2089395	2396724	1	loss
2	2396724	2529384	4	gain
2	3079923	3241326	3	gain
2	3241326	3349665	1	loss
2	3349665	3458004	4	gain
2	3458004	3497802	10	gain
2	3497802	3917892	1	loss
2	3917892	4028442	3	gain
2	5412528	5505390	5	gain
2	5505390	5859150	1	loss
2	5859150	6038241	4	gain
2	6392001	6823146	3	gain
2	6823146	7176906	1	loss
2	7176906	7371474	3	gain
2	7731867	7860105	1	loss
2	7860105	8684808	10	gain
2	8684808	8923596	4	gain
2	9292833	9651015	5	gain
2	9651015	10084371	3	gain
2	10084371	10247985	1	loss
2	10247985	10336425	4	gain
2	11260623	11435292	5	gain
2	11435292	12598278	3	gain
2	12598278	12711039	1	loss
2	110008305	110333322	1	loss
2	184729050	184881609	6	gain
2	184881609	185945100	1	loss
2	185945100	185980476	6	gain
3	0	88440	4	gain
3	247632	302907	5	gain
3	355971	386925	3	gain
3	386925	468732	1	loss
3	572649	625713	6	gain
3	638979	711942	4	gain
3	711942	767217	7	gain
3	767217	807015	3	gain
3	807015	873345	6	gain
3	902088	972840	6	gain
3	1019271	1114344	4	gain
3	1114344	1536645	1	loss
3	1536645	1587498	4	gain
3	1587498	1784277	1	loss
3	1784277	1974423	8	gain
3	1974423	2027487	3	gain
3	2027487	2120349	6	gain
3	2138037	2602347	6	gain
3	2675310	2777016	7	gain
3	2874300	2894199	4	gain
3	2991483	3029070	5	gain
3	3029070	3055602	3	gain
3	3055602	3161730	5	gain
3	3188262	3219216	5	gain
3	3219216	3247959	1	loss
3	3247959	3331977	5	gain
3	3373986	3398307	9	gain
3	3398307	3544233	1	loss
3	3544233	3550866	6	gain
3	3550866	3920103	1	loss
3	3920103	3946635	6	gain
3	3946635	3993066	3	gain
3	3993066	4037286	6	gain
3	4037286	4077084	3	gain
3	4077084	4119093	4	gain
3	4119093	4187634	1	loss
3	4187634	4258386	5	gain
3	4258386	4300395	3	gain
3	4300395	4318083	10	gain
3	4318083	4435266	1	loss
3	4435266	4466220	3	gain
3	4466220	5041080	1	loss
3	5041080	5063190	4	gain
3	5063190	5147208	1	loss
3	5147208	5187006	3	gain
3	5187006	5251125	8	gain
3	17665890	18194319	1	loss
3	22886061	22934703	4	gain
3	58293015	58673307	3	gain
3	66648384	66736824	4	gain
3	66796521	66884961	0	loss
3	67055208	67092795	0	loss
3	91110888	91146264	4	gain
3	93445704	93686703	0	loss
3	94480452	94692708	1	loss
3	96163023	96366435	1	loss
3	97248624	97255257	8	gain
3	99965943	99976998	5	gain
3	101042700	101168727	1	loss
3	110711403	110777733	3	gain
3	145143306	145167627	0	loss
3	145167627	145222902	3	gain
4	0	114972	1	loss
4	114972	225522	3	gain
4	225522	349338	1	loss
4	349338	539484	4	gain
4	539484	1591920	1	loss
4	1591920	1735635	9	gain
4	1735635	1857240	4	gain
4	1857240	1967790	10	gain
4	2000955	2301651	4	gain
4	2301651	2929575	3	gain
4	41562378	41787900	6	gain
4	41787900	42015633	3	gain
4	59380827	60729537	1	loss
4	88037598	88064130	5	gain
4	111255309	111790371	0	loss
4	112004838	113061696	0	loss
4	113061696	113488419	1	loss
4	121078782	121543092	0	loss
4	142532115	142600656	4	gain
4	144380511	144493272	5	gain
4	144493272	144557391	4	gain
4	144891252	145209636	4	gain
4	145209636	145275966	6	gain
4	146129412	146239962	3	gain
4	146239962	146385888	6	gain
4	146385888	146697639	3	gain
4	146697639	146883363	6	gain
4	146883363	147612993	3	gain
4	147612993	147754497	4	gain
4	148061826	148349256	3	gain
4	148349256	148585833	5	gain
4	148585833	148738392	3	gain
4	148738392	148793667	5	gain
4	149182803	149311041	4	gain
5	0	137082	4	gain
5	283008	291852	7	gain
5	291852	986106	1	loss
5	1492425	2396724	1	loss
5	2396724	2529384	4	gain
5	2529384	3455793	1	loss
5	3455793	3491169	5	gain
5	3491169	3913470	1	loss
5	3913470	4028442	3	gain
5	4028442	5856939	1	loss
5	5856939	5989599	3	gain
5	5989599	6480441	1	loss
5	6480441	6789981	6	gain
5	6789981	6918219	3	gain
5	6918219	6944751	8	gain
5	7053090	7210071	5	gain
5	7210071	7296300	3	gain
5	7296300	7559409	9	gain
5	7572675	7645638	7	gain
5	7645638	7782720	3	gain
5	7782720	7840206	5	gain
5	7840206	8074572	1	loss
5	8074572	8193966	6	gain
5	8238186	8408433	5	gain
5	8408433	8664909	3	gain
5	8664909	8773248	5	gain
5	8773248	8970027	3	gain
5	17104296	17396148	3	gain
5	17396148	17663679	1	loss
5	17663679	17825082	4	gain
5	17825082	17900256	6	gain
5	20878473	21855735	1	loss
5	22317834	22970079	1	loss
5	22970079	23062941	3	gain
5	23062941	23542728	1	loss
5	23542728	23783727	3	gain
5	23783727	24248037	1	loss
5	24248037	24343110	3	gain
5	34697223	34942644	3	gain
5	34942644	34997919	6	gain
5	97036368	97107120	4	gain
5	102718638	106532613	1	loss
5	115343448	115524750	1	loss
5	156167352	156238104	0	loss
5	156238104	156330966	3	gain
5	156330966	156375186	5	gain
6	0	585915	5	gain
6	585915	928620	30	gain
6	950730	970629	6	gain
6	1034748	1103289	4	gain
6	1103289	1715736	1	loss
6	1715736	1837341	8	gain
6	2113716	2418834	7	gain
6	2593503	2690787	4	gain
6	2690787	2746062	7	gain
6	2746062	2777016	3	gain
6	2777016	2827869	1	loss
6	2827869	2852190	4	gain
6	2852190	2889777	11	gain
6	2889777	3071079	5	gain
6	3071079	3135198	8	gain
6	3166152	3247959	5	gain
6	3247959	3263436	1	loss
6	3263436	3294390	6	gain
6	3294390	3323133	3	gain
6	3323133	3526545	6	gain
6	3526545	3557499	3	gain
6	3557499	3743223	8	gain
6	3798498	3909048	7	gain
6	3909048	4008543	3	gain
6	4008543	4167735	6	gain
6	4209744	4247331	6	gain
6	4267230	4368936	4	gain
6	4368936	4640889	3	gain
6	4640889	4665210	5	gain
6	48907320	48951540	0	loss
6	49429116	49435749	16	gain
6	49435749	49612629	1	loss
6	52635066	52657176	5	gain
6	62087091	62476227	0	loss
6	62476227	62535924	3	gain
6	69745995	69790215	5	gain
6	70294323	70360653	4	gain
6	71167668	71461731	0	loss
6	71581125	71751372	0	loss
6	87781122	87814287	0	loss
6	87814287	87862929	5	gain
6	113667510	113824491	3	gain
6	116599296	116683314	4	gain
6	125553846	125777157	1	loss
6	125998257	126248100	0	loss
6	131041548	131110089	0	loss
6	132228855	132480909	0	loss
6	132889944	133009338	1	loss
6	133009338	133060191	3	gain
6	133060191	133124310	6	gain
6	133973334	134125893	0	loss
7	0	977262	1	loss
7	977262	1868295	3	gain
7	1868295	1965579	1	loss
7	1965579	2277330	3	gain
7	2277330	2781438	9	gain
7	2781438	2916309	4	gain
7	2916309	4158891	15	gain
7	4158891	4481697	3	gain
7	4481697	5282079	5	gain
7	5282079	5381574	3	gain
7	5381574	5554032	6	gain
7	5554032	6599835	1	loss
7	6599835	7880004	6	gain
7	7880004	8043618	3	gain
7	8043618	9757143	1	loss
7	9757143	9940656	4	gain
7	9940656	11892969	1	loss
7	12688929	12879075	1	loss
7	12879075	13168716	5	gain
7	13168716	13316853	1	loss
7	13316853	13363284	5	gain
7	13363284	13920456	0	loss
7	13920456	14269794	5	gain
7	14457729	14813700	8	gain
7	14813700	15101130	3	gain
7	15101130	15693678	7	gain
7	15693678	16073970	4	gain
7	16073970	16356978	8	gain
7	16458684	17332029	5	gain
7	17692422	17829504	5	gain
7	17973219	18161154	4	gain
7	22470393	24984300	4	gain
7	25658655	26463459	1	loss
7	29607501	30062967	3	gain
7	35296404	35510871	3	gain
7	44909832	46528284	1	loss
7	51527355	51660015	7	gain
7	51660015	51786042	3	gain
7	64293669	64351155	6	gain
7	157372347	157425411	5	gain
8	0	84018	4	gain
8	198990	212256	8	gain
8	212256	442200	1	loss
8	442200	448833	10	gain
8	448833	902088	1	loss
8	1397352	1841763	1	loss
8	1947891	2104872	4	gain
8	2104872	2785860	1	loss
8	2785860	2938419	4	gain
8	2938419	3093189	7	gain
8	3093189	3329766	4	gain
8	3329766	4362303	1	loss
8	4362303	4419789	3	gain
8	4419789	5160474	6	gain
8	5160474	5198061	3	gain
8	5198061	5728701	7	gain
8	5728701	5874627	3	gain
8	5874627	7769454	1	loss
8	7769454	7875582	3	gain
8	7875582	7915380	5	gain
8	7948545	8014875	6	gain
8	8200599	8733450	1	loss
8	8733450	8742294	6	gain
8	8742294	9034146	1	loss
8	9034146	9334842	5	gain
8	9334842	9505089	0	loss
8	9505089	9547098	4	gain
8	9547098	10082160	1	loss
8	10082160	10199343	5	gain
8	11234091	12304215	1	loss
8	12304215	12359490	4	gain
8	12359490	12903396	1	loss
8	29105604	29297961	3	gain
8	29297961	29344392	5	gain
8	29541171	29596446	5	gain
8	29596446	29695941	3	gain
8	29695941	29740161	5	gain
8	29788803	30865560	5	gain
8	30865560	30931890	3	gain
8	30931890	31022541	6	gain
8	31022541	31172889	4	gain
8	31172889	31290072	6	gain
8	31290072	31391778	3	gain
8	31391778	31427154	1	loss
8	31427154	31546548	6	gain
8	31546548	31610667	3	gain
8	31610667	31707951	5	gain
8	31707951	31845033	3	gain
8	31845033	32061711	5	gain
8	32061711	32174472	3	gain
8	32174472	32490645	5	gain
8	32658681	32685213	4	gain
8	32685213	33324192	1	loss
8	38951187	39026361	4	gain
8	66829686	66922548	4	gain
8	66922548	67285152	3	gain
8	83449773	83792478	1	loss
8	135463548	135591786	1	loss
9	0	150348	5	gain
9	212256	227733	13	gain
9	227733	512952	1	loss
9	512952	539484	7	gain
9	559383	767217	12	gain
9	767217	855657	3	gain
9	855657	877767	1	loss
9	877767	930831	5	gain
9	968418	1063491	4	gain
9	1107711	1196151	6	gain
9	1218261	1916937	7	gain
9	1972212	2180046	5	gain
9	2180046	2244165	3	gain
9	2244165	2790282	6	gain
9	2878722	2973795	6	gain
9	2973795	3097611	1	loss
9	3097611	3203739	6	gain
9	3203739	3270069	3	gain
9	3270069	3349665	6	gain
9	3371775	3455793	6	gain
9	3455793	3610563	9	gain
9	3610563	3769755	5	gain
9	3769755	3809553	3	gain
9	3809553	3951057	7	gain
9	3951057	3982011	3	gain
9	3982011	4134570	7	gain
9	4134570	4260597	5	gain
9	4302606	4399890	5	gain
9	4424211	4625412	6	gain
9	4625412	4824402	4	gain
9	4892943	5001282	4	gain
9	5140575	5160474	5	gain
9	5160474	5467803	3	gain
9	5527500	5711013	4	gain
9	5748600	6020553	7	gain
9	6020553	6164268	4	gain
9	6164268	6301350	6	gain
9	6301350	6374313	1	loss
9	6374313	6458331	4	gain
9	6458331	6650688	3	gain
9	6650688	6756816	5	gain
9	6944751	7081833	4	gain
9	7128264	7227759	4	gain
9	7265346	7347153	4	gain
9	7479813	7537299	4	gain
9	7941912	7983921	5	gain
9	7983921	8381901	1	loss
9	8496873	8737872	1	loss
9	8737872	8766615	4	gain
9	8970027	8987715	6	gain
9	9038568	9104898	5	gain
9	9104898	9149118	1	loss
9	9149118	9418860	3	gain
9	9418860	10046784	8	gain
9	10046784	10082160	3	gain
9	10082160	10482351	1	loss
9	10482351	10486773	8	gain
9	10575213	10612800	4	gain
9	10785258	10838322	4	gain
9	10838322	10911285	6	gain
9	11041734	11099220	5	gain
9	27582225	27690564	0	loss
9	41053848	41062692	9	gain
9	111914187	111956196	4	gain
9	131777811	131802132	20	gain
9	132018810	132354882	0	loss
10	0	232155	1	loss
10	307329	364815	12	gain
10	375870	417879	9	gain
10	417879	592548	0	loss
10	592548	619080	8	gain
10	638979	647823	9	gain
10	647823	747318	1	loss
10	747318	875556	4	gain
10	875556	917565	0	loss
10	917565	946308	4	gain
10	946308	1003794	1	loss
10	1003794	1034748	6	gain
10	1034748	1061280	0	loss
10	1061280	1189518	5	gain
10	1273536	1403985	5	gain
10	1403985	1682571	7	gain
10	1682571	1706892	3	gain
10	1706892	2000955	8	gain
10	2000955	2177835	5	gain
10	2177835	2321550	4	gain
10	2321550	2467476	5	gain
10	2467476	2732796	1	loss
10	2732796	2752695	4	gain
10	2752695	2779227	1	loss
10	2779227	2956107	3	gain
10	2956107	2998116	4	gain
10	3179418	3203739	6	gain
10	3203739	3380619	3	gain
10	3380619	3440316	5	gain
10	3530967	3553077	6	gain
10	3553077	3561921	1	loss
10	3561921	3648150	5	gain
10	3648150	3661416	1	loss
10	3661416	3765333	6	gain
10	3765333	3811764	3	gain
10	3811764	3831663	8	gain
10	3871461	3984222	5	gain
10	4220799	4333560	5	gain
10	4399890	4415367	6	gain
10	4550238	4850934	6	gain
10	4850934	5105199	4	gain
10	5105199	5215749	5	gain
10	5215749	5489913	1	loss
10	5489913	5514234	6	gain
10	5914425	5927691	6	gain
10	5927691	6186378	3	gain
10	6235020	6323460	6	gain
10	6349992	6440643	6	gain
10	6440643	6502551	3	gain
10	6502551	6520239	7	gain
10	6520239	6584358	3	gain
10	6584358	6646266	7	gain
10	6889476	6900531	8	gain
10	6900531	6909375	1	loss
10	6909375	7022136	5	gain
10	7243236	7749555	6	gain
10	7749555	7815885	0	loss
10	8067939	8081205	8	gain
10	8081205	8165223	3	gain
10	8165223	8240397	0	loss
10	8428332	8633955	0	loss
10	27493785	27734784	1	loss
10	27734784	27821013	3	gain
10	87131088	87420729	1	loss
10	105796350	105829515	6	gain
11	0	88440	5	gain
11	163614	378081	6	gain
11	1034748	1238160	4	gain
11	1238160	1556544	3	gain
11	1556544	1675938	7	gain
11	1675938	2084973	4	gain
11	2138037	2356926	4	gain
11	2356926	2728374	3	gain
11	2728374	2885355	9	gain
11	2885355	3110877	4	gain
11	3110877	3281124	7	gain
11	3281124	4017387	4	gain
11	4017387	4514862	7	gain
11	4514862	4550238	0	loss
11	4550238	5633628	7	gain
11	5666793	6252708	6	gain
11	6252708	6268185	1	loss
11	6268185	6856311	4	gain
11	6949173	7130475	3	gain
11	7130475	7499712	6	gain
11	7499712	7641216	4	gain
11	7641216	8614056	8	gain
11	8614056	8682597	4	gain
11	8682597	9164595	6	gain
11	9202182	9381273	4	gain
11	9381273	10225875	3	gain
11	10225875	10404966	1	loss
11	10404966	10559736	3	gain
11	10559736	10796313	7	gain
11	10796313	11130174	3	gain
11	68357487	68483514	3	gain
11	78965865	79105158	0	loss
11	91488969	91511079	5	gain
12	0	90651	1	loss
12	90651	119394	4	gain
12	119394	378081	1	loss
12	378081	462099	3	gain
12	462099	519585	7	gain
12	519585	610236	0	loss
12	610236	765006	4	gain
12	992739	1028115	10	gain
12	1028115	1054647	0	loss
12	1054647	1521168	3	gain
12	1521168	1580865	5	gain
12	1622874	1897038	3	gain
12	2314917	2602347	3	gain
12	2602347	2622246	1	loss
12	2622246	2845557	4	gain
12	2845557	2889777	1	loss
12	2889777	2929575	5	gain
12	2929575	3323133	3	gain
12	3389463	3444738	4	gain
12	19843725	20018394	5	gain
12	20018394	20354466	3	gain
12	20354466	20659584	4	gain
12	20659584	20805510	6	gain
12	20805510	20947014	4	gain
12	20947014	21077463	3	gain
12	21077463	21218967	4	gain
12	21218967	21864579	3	gain
12	21864579	21955230	6	gain
12	21955230	22629585	4	gain
12	23525040	23896488	1	loss
12	24073368	24646017	1	loss
12	24723402	24822897	5	gain
12	25437555	25656444	1	loss
12	25724985	25990305	1	loss
12	56756370	56946516	1	loss
12	89709114	89848407	1	loss
12	89848407	89890416	4	gain
12	115266063	115400934	5	gain
12	116524122	116570553	4	gain
12	116897781	116928735	5	gain
12	117216165	117406311	3	gain
12	117523494	117554448	4	gain
13	0	61908	6	gain
13	247632	411246	6	gain
13	926409	1905882	3	gain
13	2191101	2631090	5	gain
13	2631090	2690787	3	gain
13	2690787	3210372	8	gain
13	3356298	3553077	4	gain
13	3553077	4490541	3	gain
13	4490541	4587825	5	gain
13	4587825	5467803	3	gain
13	5467803	5587197	5	gain
13	5969700	6071406	4	gain
13	7420116	7561620	5	gain
13	7561620	8328837	3	gain
13	9547098	9980454	3	gain
13	9980454	10946661	1	loss
13	21243288	21541773	3	gain
13	66942447	67654389	4	gain
13	69925086	70015737	0	loss
13	70015737	70082067	4	gain
13	70082067	70380552	1	loss
13	70380552	70475625	7	gain
13	73732428	73834134	4	gain
13	73834134	73893831	1	loss
13	73893831	74013225	4	gain
13	74013225	74601351	3	gain
13	74601351	74711901	1	loss
13	74711901	74789286	8	gain
13	74789286	74906469	1	loss
13	74906469	75094404	4	gain
13	76401105	76788030	1	loss
13	128580705	128596182	18	gain
14	0	22110	1	loss
14	22110	33165	6	gain
14	33165	2396724	1	loss
14	2396724	2544861	4	gain
14	2544861	5947590	1	loss
14	5947590	6281451	5	gain
14	6281451	6535716	7	gain
14	6535716	6663954	4	gain
14	6663954	6697119	1	loss
14	6697119	7008870	5	gain
14	7008870	7325043	8	gain
14	7325043	7433382	3	gain
14	7433382	7681014	8	gain
14	7681014	7908747	4	gain
14	7908747	8240397	6	gain
14	8240397	8472552	4	gain
14	8664909	8910330	3	gain
14	8910330	9073944	6	gain
14	9073944	9427704	4	gain
14	9427704	9507300	9	gain
14	9507300	9673125	4	gain
14	9673125	10758726	6	gain
14	10856010	10973193	5	gain
14	10973193	11187660	3	gain
14	22790988	22992189	0	loss
14	23593581	23670966	5	gain
14	23670966	25256253	1	loss
14	25256253	25300473	7	gain
14	25300473	25689609	1	loss
14	25689609	25736040	7	gain
14	25809003	25833324	6	gain
14	25833324	27305850	1	loss
14	27305850	27332382	5	gain
14	33536448	33815034	1	loss
14	49575042	49617051	6	gain
14	49849206	50357736	1	loss
14	50357736	50912697	3	gain
14	50912697	51496401	1	loss
14	51496401	51651171	4	gain
14	51651171	52643910	0	loss
14	60722904	61434846	3	gain
14	61434846	61715643	4	gain
15	0	22110	1	loss
15	22110	33165	7	gain
15	33165	176880	1	loss
15	176880	181302	16	gain
15	181302	428934	1	loss
15	428934	431145	8	gain
15	431145	2401146	1	loss
15	2401146	2544861	3	gain
15	2544861	3455793	1	loss
15	3511068	3913470	1	loss
15	3948846	3959901	5	gain
15	4057185	5856939	1	loss
15	5969700	5987388	3	gain
15	5987388	6392001	1	loss
15	6392001	6403056	4	gain
15	6480441	6537927	6	gain
15	6537927	6659532	4	gain
15	6659532	6741339	7	gain
15	6741339	6756816	3	gain
15	6756816	7011081	7	gain
15	7011081	7092888	5	gain
15	7092888	7168062	1	loss
15	7168062	7243236	3	gain
15	7243236	7271979	7	gain
15	7271979	7307355	3	gain
15	7307355	7333887	6	gain
15	7333887	7344942	3	gain
15	7344942	7411272	8	gain
15	7411272	7475391	4	gain
15	7475391	7546143	1	loss
15	7546143	7554987	6	gain
15	7554987	7570464	3	gain
15	7570464	7599207	8	gain
15	7645638	7672170	6	gain
15	7672170	7709757	1	loss
15	7709757	7727445	4	gain
15	7820307	7851261	0	loss
15	7851261	7913169	3	gain
15	7913169	7970655	1	loss
15	7970655	7986132	5	gain
15	8023719	8132058	3	gain
15	8163012	8176278	7	gain
15	8176278	8269140	3	gain
15	8622900	8691441	3	gain
15	8715762	8740083	5	gain
15	8797569	8861688	1	loss
15	105568617	105570828	146	gain
16	0	192357	3	gain
16	192357	789327	1	loss
16	789327	811437	11	gain
16	811437	1006005	1	loss
16	1006005	1472526	4	gain
16	1472526	1742268	7	gain
16	1742268	2113716	3	gain
16	2113716	2235321	5	gain
16	2507274	3234693	3	gain
16	3502224	3623829	5	gain
16	4061607	4603302	1	loss
16	4603302	6038241	4	gain
16	6038241	6299139	5	gain
16	6299139	6542349	9	gain
16	6542349	7380318	3	gain
16	7380318	7475391	8	gain
16	7475391	7647849	4	gain
16	7647849	8664909	9	gain
16	8664909	8768826	3	gain
16	8768826	9169017	8	gain
16	9204393	10747671	7	gain
16	10747671	11671869	4	gain
16	11742621	11981409	5	gain
16	11981409	12069849	1	loss
16	12069849	12180399	3	gain
16	12180399	12359490	1	loss
16	12359490	13062588	3	gain
16	13062588	13195248	5	gain
16	13281477	13414137	5	gain
16	13502577	13633026	5	gain
16	13721466	13851915	5	gain
16	13940355	14070804	5	gain
16	14159244	14291904	5	gain
16	14378133	14510793	5	gain
17	0	22110	1	loss
17	22110	33165	8	gain
17	33165	986106	1	loss
17	1492425	2396724	1	loss
17	2396724	2544861	3	gain
17	2544861	3455793	1	loss
17	3455793	3511068	3	gain
17	3511068	3917892	1	loss
17	4057185	5856939	1	loss
17	5856939	5989599	3	gain
17	5989599	6314616	1	loss
17	6314616	6750183	3	gain
17	6750183	6898320	5	gain
17	6898320	6940329	1	loss
17	6940329	7296300	4	gain
17	7442226	7639005	4	gain
17	7807041	8344314	4	gain
17	8344314	9012036	10	gain
17	9038568	9637749	9	gain
17	9726189	9770409	8	gain
17	9843372	10006986	6	gain
17	10006986	10179444	4	gain
17	10254618	10920129	3	gain
17	10920129	12264417	1	loss
17	12264417	12319692	5	gain
17	22355421	22591998	4	gain
17	22591998	22808676	1	loss
17	22808676	22952391	4	gain
17	28535166	28986210	0	loss
17	32123619	32251857	5	gain
17	32517177	32740488	1	loss
17	40819482	40938876	4	gain
17	44858979	44954052	4	gain
17	45840663	45895938	4	gain
17	48140103	48314772	3	gain
17	84068853	84329751	1	loss
18	0	22110	1	loss
18	22110	30954	7	gain
18	30954	986106	1	loss
18	986106	1030326	3	gain
18	1030326	1070124	5	gain
18	1070124	1174041	3	gain
18	1198362	1271325	4	gain
18	2082762	2286174	1	loss
18	2396724	2544861	3	gain
18	2544861	3077712	1	loss
18	3077712	3163941	3	gain
18	3236904	3345243	1	loss
18	3458004	3491169	6	gain
18	3491169	3513279	3	gain
18	3513279	3913470	1	loss
18	3946635	3964323	5	gain
18	4054974	4638678	1	loss
18	5279868	5293134	6	gain
18	5421372	5505390	4	gain
18	5505390	5651316	1	loss
18	5757444	5770710	6	gain
18	5770710	5856939	1	loss
18	5856939	5991810	4	gain
18	6151002	6270396	1	loss
18	6270396	6279240	4	gain
18	6336726	6367680	4	gain
18	6367680	6385368	1	loss
18	6473808	6571092	6	gain
18	6571092	7813674	13	gain
18	7813674	7833573	3	gain
18	7833573	7944123	7	gain
18	7944123	7955178	3	gain
18	7955178	7994976	7	gain
18	7994976	8098893	4	gain
18	8392956	8443809	3	gain
18	8443809	8512350	5	gain
18	8609634	8773248	6	gain
18	8773248	8874954	3	gain
18	9270723	9292833	5	gain
18	9317154	9348108	4	gain
18	9410016	9518355	10	gain
18	9518355	9697446	4	gain
18	9697446	9834528	8	gain
18	9834528	9865482	4	gain
18	9925179	9991509	4	gain
18	10130802	10148490	6	gain
18	10183866	10241352	6	gain
18	10294416	10318737	5	gain
18	28132764	28152663	7	gain
18	40202613	40207035	10	gain
18	89642784	89689215	0	loss
18	97922979	97958355	4	gain
19	0	22110	1	loss
19	22110	33165	8	gain
19	33165	176880	1	loss
19	176880	181302	17	gain
19	181302	815859	1	loss
19	986106	1116555	7	gain
19	1116555	1151931	3	gain
19	1151931	1174041	7	gain
19	1174041	1198362	3	gain
19	1198362	1275747	5	gain
19	1275747	1914726	3	gain
19	1914726	1934625	5	gain
19	1934625	1967790	1	loss
19	1967790	2089395	3	gain
19	2089395	2396724	1	loss
19	2396724	2527173	3	gain
19	3077712	3234693	4	gain
19	3234693	3349665	1	loss
19	3349665	3455793	3	gain
19	3455793	3491169	9	gain
19	3491169	3511068	3	gain
19	3511068	3913470	1	loss
19	3913470	3946635	3	gain
19	3946635	3964323	6	gain
19	3964323	4054974	3	gain
19	4054974	4643100	1	loss
19	4643100	4671843	3	gain
19	5282079	5293134	8	gain
19	5412528	5505390	5	gain
19	5505390	5651316	1	loss
19	5801664	5856939	1	loss
19	5856939	6064773	4	gain
19	6151002	6223965	1	loss
19	6480441	6801036	7	gain
19	6816513	6851889	7	gain
19	6851889	7037613	3	gain
19	7037613	7106154	1	loss
19	7106154	7157007	3	gain
19	7157007	7199016	8	gain
19	7199016	7241025	3	gain
19	7241025	7309566	5	gain
19	7353786	7415694	8	gain
19	7415694	7455492	3	gain
19	7455492	7546143	5	gain
19	7585941	7603629	5	gain
19	7776087	7802619	0	loss
19	7802619	7988343	3	gain
19	14260950	14504160	0	loss
19	14888874	14941938	0	loss
19	33757548	34002969	4	gain
19	44867823	45029226	1	loss
19	53041890	53050734	6	gain
X	0	214467	5	gain
X	214467	459888	3	gain
X	459888	594759	5	gain
X	594759	937464	30	gain
X	937464	1054647	4	gain
X	1147509	1295646	5	gain
X	1678149	1824075	4	gain
X	1890405	2582448	8	gain
X	2582448	2642145	3	gain
X	4176579	6044874	2	gain
X	6219543	6411900	3	gain
X	6411900	6619734	4	gain
X	7508556	7738500	3	gain
X	8140902	8209443	3	gain
X	8726817	9151329	2	gain
X	9151329	9312732	4	gain
X	9312732	9513933	2	gain
X	9710712	9942867	2	gain
X	9942867	10117536	5	gain
X	10117536	10252407	3	gain
X	10252407	10349691	2	gain
X	10349691	10603956	3	gain
X	10603956	10705662	4	gain
X	31845033	32105931	2	gain
X	38546574	38787573	0	loss
X	56183721	56254473	3	gain
X	124253778	125175765	2	gain
X	126716832	126723465	10	gain
X	135299934	135357420	3	gain
X	147586461	149428224	0	loss
X	149428224	149706810	2	gain
X	153819270	154219461	2	gain
X	170185092	170209413	6	gain
X	170410614	170476944	3	gain
Y	247632	1081179	0	loss
Y	1081179	1090023	6	gain
Y	1746690	3909048	0	loss
Y	6029397	6036030	5	gain
Y	6128892	6135525	5	gain
Y	10900230	11185449	2	gain
Y	13155450	13617549	0	loss
Y	13617549	13624182	4	gain
Y	14249895	14482050	2	gain
Y	14893296	14941938	3	gain
Y	17502276	19078719	0	loss
Y	19078719	19310874	2	gain
Y	19715487	19753074	3	gain
Y	22315623	24124221	0	loss
Y	24657072	24780888	4	gain
Y	24780888	25242987	2	gain
Y	25242987	25335849	3	gain
Y	26556321	26921136	2	gain
Y	34447380	34456224	4	gain
Y	37600266	39207663	2	gain
Y	43961313	43983423	3	gain
Y	44078496	44262009	2	gain
Y	57110130	57134451	3	gain
Y	58350501	58531803	3	gain
Y	58949682	58969581	4	gain
Y	60198897	60408942	2	gain
Y	61527708	61532130	5	gain
Y	71817702	71914986	2	gain
Y	71914986	71952573	4	gain
Y	77033451	77239074	3	gain
Y	77239074	78393216	2	gain
Y	78738132	78919434	3	gain
Y	80781096	80920389	2	gain
Y	82711299	82841748	2	gain
Y	83498415	83960514	2	gain
Y	83960514	84177192	4	gain
Y	85019583	85609920	2	gain
Y	85609920	85813332	3	gain
Y	85813332	85923882	5	gain
Y	85923882	86191413	3	gain
Y	86609292	87425151	2	gain
Y	87860718	87951369	2	gain
Y	88665522	88771650	2	gain
Y	91891371	91900215	4	gain
Y	93483291	93527511	10	gain
Y	94498140	94582158	0	loss
Y	94942551	94944762	11	gain
