1	84930048	85114368	42	gain
1	85114368	85130496	3	gain
1	85130496	85195008	27	gain
1	85206528	85591296	40	gain
1	88137216	88238592	14	gain
1	110098944	110105856	7	gain
1	170889984	170913024	6	gain
1	171334656	171410688	8	gain
1	173346048	173415168	0	loss
1	173737728	173811456	6	gain
1	177682176	177884928	5	gain
1	177884928	178004736	3	gain
1	194932224	195154279	1	loss
10	3195648	3202560	7	gain
10	4861440	4866048	5	gain
10	5340672	5345280	6	gain
10	6605568	6610176	5	gain
10	7338240	7446528	3	gain
10	10460160	10467072	5	gain
10	12261888	12271104	4	gain
10	15510528	15517440	5	gain
10	17012736	17024256	5	gain
10	19881216	19883520	19	gain
10	21904128	22023936	1	loss
10	22023936	22090752	7	gain
10	22090752	22148352	4	gain
10	22148352	22189824	7	gain
10	22196736	22307328	6	gain
10	22307328	22346496	3	gain
10	23357952	23362560	6	gain
10	25811712	25818624	4	gain
10	29495808	29502720	5	gain
10	32375808	32380416	5	gain
10	32691456	32696064	21	gain
10	33626880	33640704	0	loss
10	35228160	35232768	5	gain
10	35553024	35559936	5	gain
10	38808576	38831616	4	gain
10	42253056	42257664	6	gain
10	43386624	43391232	6	gain
10	43683840	43688448	6	gain
10	45715968	45720576	5	gain
10	46457856	46464768	5	gain
10	46787328	46794240	5	gain
10	47314944	47319552	5	gain
10	51100416	51105024	5	gain
10	51374592	51390720	0	loss
10	52637184	52641792	5	gain
10	55906560	55913472	4	gain
10	56014848	56019456	6	gain
10	56125440	56130048	7	gain
10	56162304	56169216	4	gain
10	57014784	57021696	4	gain
10	57553920	57560832	4	gain
10	57993984	58074624	4	gain
10	58862592	58867200	6	gain
10	81914112	81946368	0	loss
10	99168768	99182592	4	gain
10	100166400	100214784	4	gain
10	118091520	118188288	0	loss
10	121893120	121904640	9	gain
11	0	3133440	11	gain
11	3133440	3151872	112	gain
11	7603200	7610112	5	gain
11	11561472	11566080	5	gain
11	18574848	18579456	5	gain
11	27332352	27339264	4	gain
11	27795456	27871488	1	loss
11	34490880	34502400	4	gain
11	34502400	34513920	0	loss
11	34513920	34520832	5	gain
11	34520832	34564608	1	loss
11	43195392	43200000	5	gain
11	46490112	46494720	5	gain
11	47319552	47324160	6	gain
11	48358656	48367872	5	gain
11	48830976	48953088	1	loss
11	49358592	49381632	0	loss
11	50909184	50913792	6	gain
11	58360320	58367232	5	gain
11	58977792	58982400	6	gain
11	60454656	60466176	4	gain
11	60466176	60477696	1	loss
11	60477696	60585984	3	gain
11	62860032	62864640	6	gain
11	71062272	71198208	1	loss
11	73297152	73345536	0	loss
11	74191104	74202624	4	gain
11	83015424	83061504	1	loss
11	83575296	83596032	6	gain
11	94685184	94701312	0	loss
11	99585792	99629568	4	gain
11	116630784	116660736	4	gain
12	17961984	18268416	1	loss
12	18268416	18457344	5	gain
12	18676224	19079424	5	gain
12	19079424	19224576	8	gain
12	19307520	19316736	9	gain
12	19602432	19636992	3	gain
12	19636992	19713024	1	loss
12	19713024	19722240	7	gain
12	19722240	20107008	1	loss
12	20284416	20371968	5	gain
12	20371968	20517120	4	gain
12	20680704	20980224	4	gain
12	21618432	21652992	4	gain
12	21712896	21777408	1	loss
12	21777408	21922560	3	gain
12	21922560	21943296	5	gain
12	21943296	22065408	1	loss
12	22065408	22079232	4	gain
12	22491648	22765824	1	loss
12	22885632	23063040	1	loss
12	23063040	23141376	3	gain
12	23141376	23242752	5	gain
12	23242752	23671296	3	gain
12	23807232	23855616	3	gain
12	23855616	24106752	1	loss
12	24106752	24141312	4	gain
12	24141312	24406272	1	loss
12	24406272	24505344	3	gain
12	55130112	55293696	1	loss
12	60217344	60321024	0	loss
12	87558912	87568128	6	gain
12	87568128	87722496	3	gain
12	87722496	87780096	1	loss
12	87780096	87840000	3	gain
12	88169472	88187904	5	gain
12	101136384	101369088	1	loss
12	103698432	103735296	5	gain
12	103802112	103871232	5	gain
12	113548032	113760000	3	gain
12	114082560	114100992	6	gain
12	114766848	114815232	5	gain
12	115024896	115227648	4	gain
12	115227648	115488000	3	gain
12	115488000	115522560	6	gain
12	115522560	115550208	3	gain
12	115550208	115628544	5	gain
12	115766784	115778304	8	gain
12	115778304	115849728	3	gain
13	3389184	3398400	6	gain
13	4386816	4396032	4	gain
13	12888576	13446144	1	loss
13	19116288	19123200	11	gain
13	22768128	22781952	0	loss
13	22874112	22957056	0	loss
13	23079168	23166720	1	loss
13	23583744	23597568	4	gain
13	33368832	33451776	3	gain
13	33451776	33599232	1	loss
13	33797376	33857280	4	gain
13	34046208	34053120	5	gain
13	50782464	50962176	3	gain
13	58323456	58325760	146	gain
13	61781760	61876224	0	loss
13	61876224	61963776	1	loss
13	61963776	62009856	3	gain
13	62009856	62224128	0	loss
13	62224128	62242560	3	gain
13	62242560	62277120	6	gain
13	62277120	62318592	3	gain
13	62318592	62337024	5	gain
13	62578944	62675712	3	gain
13	62862336	62871552	10	gain
13	65627136	65643264	5	gain
13	65643264	65654784	3	gain
13	65654784	65691648	7	gain
13	65691648	65753856	1	loss
13	65753856	65781504	5	gain
13	65790720	65915136	5	gain
13	65915136	65942784	3	gain
13	65942784	65961216	5	gain
13	66048768	66115584	3	gain
13	66115584	66154752	5	gain
13	66161664	66200832	5	gain
13	66260736	66272256	6	gain
13	66272256	66318336	3	gain
13	66318336	66334464	5	gain
13	66371328	66382848	5	gain
13	66438144	66451968	6	gain
13	66451968	66534912	1	loss
13	66578688	66597120	7	gain
13	66597120	66647808	3	gain
13	66647808	66763008	1	loss
13	66763008	66875904	6	gain
13	66938112	66949632	7	gain
13	66949632	66968064	1	loss
13	66968064	67009536	3	gain
13	68034816	68039424	7	gain
13	68147712	68244480	4	gain
13	68244480	68444928	1	loss
13	68444928	68477184	3	gain
13	68477184	68518656	1	loss
13	68590080	68596992	21	gain
13	68596992	68624640	3	gain
13	74674944	74693376	3	gain
13	85805568	85842432	0	loss
13	100380672	100495872	1	loss
13	120337920	120367872	3	gain
13	120367872	120374784	11	gain
13	120374784	120402432	3	gain
13	120485376	120499200	5	gain
13	120568320	120579840	4	gain
14	15054336	15367680	1	loss
14	15367680	15690240	3	gain
14	15964416	16038144	4	gain
14	16547328	16570368	4	gain
14	16570368	17344512	1	loss
14	17630208	17669376	5	gain
14	17669376	17752320	3	gain
14	17752320	18021888	1	loss
14	18021888	18058752	3	gain
14	18058752	18093312	6	gain
14	18093312	18176256	3	gain
14	18176256	18201600	7	gain
14	18201600	18537984	3	gain
14	18537984	19590912	1	loss
14	41147136	41294592	3	gain
14	41294592	41340672	1	loss
14	41340672	41384448	5	gain
14	41384448	41780736	3	gain
14	41780736	41806080	5	gain
14	41992704	42038784	4	gain
14	42038784	42527232	1	loss
14	42527232	42958080	3	gain
14	43119360	43227648	3	gain
14	43227648	43766784	0	loss
14	43803648	43955712	4	gain
14	43955712	44363520	1	loss
14	44363520	44953344	0	loss
14	51816960	51932160	5	gain
14	51932160	51998976	3	gain
14	51998976	52040448	5	gain
14	53321472	53335296	5	gain
14	53733888	53876736	4	gain
14	56157696	56206080	4	gain
14	69490944	69928704	1	loss
14	90531072	90540288	7	gain
14	93447936	93454848	15	gain
15	4442112	4444416	10	gain
15	6711552	6713856	6	gain
15	9218304	9222912	5	gain
15	11049984	11052288	6	gain
15	13112064	13116672	6	gain
15	14434560	14436864	6	gain
15	19049472	19054080	5	gain
15	30746880	30749184	5	gain
15	33831936	33838848	10	gain
15	36131328	36135936	4	gain
15	55897344	55899648	6	gain
15	58309632	58314240	5	gain
15	60012288	60014592	16	gain
15	63664128	63666432	8	gain
15	63694080	63700992	5	gain
15	63747072	63763200	4	gain
15	63763200	63770112	1	loss
15	74956032	74960640	39	gain
15	75345408	75366144	3	gain
15	77322240	77359104	1	loss
15	79752960	79757568	4	gain
15	82245888	82252800	4	gain
15	85061376	85063680	6	gain
15	91012608	91028736	1	loss
15	96979968	96982272	6	gain
15	98205696	98217216	4	gain
15	99631872	99634176	203	gain
15	100062720	100065024	6	gain
15	103564800	103633920	1	loss
16	3269376	3273984	4	gain
16	3273984	3278592	1	loss
16	3278592	3280896	5	gain
16	3280896	3308544	3	gain
16	3308544	3315456	5	gain
16	3361536	3368448	4	gain
16	8319744	8322048	7	gain
16	10791936	10794240	65	gain
16	10960128	10962432	9	gain
16	12886272	13146624	3	gain
16	13724928	13729536	6	gain
16	17038080	17040384	13	gain
16	18915840	18927360	3	gain
16	18927360	18943488	1	loss
16	19010304	19079424	3	gain
16	19759104	19761408	7	gain
16	20885760	20908800	0	loss
16	22648320	22650624	5	gain
16	26313984	26318592	18	gain
16	35801856	35804160	5	gain
16	36064512	36115200	0	loss
16	36115200	36119808	3	gain
16	36119808	36140544	0	loss
16	36179712	36188928	0	loss
16	36216576	36237312	3	gain
16	36237312	36255744	4	gain
16	44621568	44633088	4	gain
16	44667648	44688384	0	loss
16	46469376	46471680	13	gain
16	50814720	50817024	6	gain
16	56904192	56908800	4	gain
16	57210624	57212928	46	gain
16	57411072	57413376	5	gain
16	58641408	58650624	4	gain
16	58650624	58666752	0	loss
16	59180544	59185152	5	gain
16	63652608	63654912	9	gain
16	64995840	65002752	4	gain
16	68679936	68682240	5	gain
16	71580672	71589888	5	gain
16	74571264	74575872	6	gain
16	76356864	76359168	7	gain
16	78405120	78409728	5	gain
16	79794432	79805952	0	loss
16	80582400	80593920	0	loss
16	81621504	81630720	0	loss
16	81874944	81900288	1	loss
16	87167232	87169536	7	gain
16	88996608	89017344	1	loss
16	90139392	90146304	4	gain
16	91330560	91332864	17	gain
16	93482496	93484800	13	gain
16	94611456	94613760	8	gain
16	95708160	95712768	12	gain
16	97770240	97774848	4	gain
17	6276096	6393600	5	gain
17	6683904	6766848	4	gain
17	6766848	6923520	3	gain
17	6923520	6988032	4	gain
17	13266432	13321728	3	gain
17	13321728	13570560	4	gain
17	15181056	15293952	3	gain
17	17213184	17307648	4	gain
17	17422848	17448192	4	gain
17	18358272	18385920	0	loss
17	19166976	19618560	0	loss
17	22747392	22885632	4	gain
17	23145984	23374080	0	loss
17	23505408	23726592	3	gain
17	23726592	23742720	9	gain
17	31431168	31548672	4	gain
17	34177536	34191360	5	gain
17	35474688	35509248	5	gain
17	36403200	36495360	1	loss
17	37043712	37073664	0	loss
17	38794752	38935296	5	gain
17	38935296	38969856	3	gain
17	39974400	39995136	0	loss
17	40149504	40158720	108	gain
17	48430080	48464640	3	gain
17	54019584	54054144	0	loss
17	69251328	69255936	8	gain
17	75068928	75073536	6	gain
17	81464832	81471744	5	gain
17	85321728	85326336	21	gain
18	0	3112704	3	gain
18	3112704	3119616	10	gain
18	4195584	4197888	13	gain
18	4220928	4227840	5	gain
18	4914432	4916736	6	gain
18	5230080	5234688	5	gain
18	6541056	6554880	0	loss
18	6861312	6868224	5	gain
18	8163072	8169984	4	gain
18	10229760	10236672	3	gain
18	11437056	11439360	5	gain
18	12962304	12964608	6	gain
18	13381632	13383936	13	gain
18	15646464	15653376	3	gain
18	20747520	20759040	9	gain
18	20759040	20763648	4	gain
18	21920256	21931776	1	loss
18	27131904	27136512	5	gain
18	32903424	32926464	1	loss
18	37186560	37207296	0	loss
18	45179136	45186048	0	loss
18	45338112	45358848	1	loss
18	46881792	46884096	6	gain
18	47199744	47204352	4	gain
18	47522304	47524608	5	gain
18	49280256	49287168	0	loss
18	51316992	51330816	0	loss
18	56072448	56074752	5	gain
18	60454656	60480000	0	loss
18	60498432	60512256	4	gain
18	60574464	60585984	4	gain
18	68207616	68209920	6	gain
18	68546304	68548608	8	gain
18	70488576	70500096	0	loss
18	73665792	73668096	14	gain
18	74045952	74052864	3	gain
18	76495104	76499712	5	gain
18	77472000	77474304	5	gain
18	79958016	79967232	0	loss
18	82204416	82238976	0	loss
18	83190528	83197440	3	gain
18	85715712	85718016	7	gain
18	86125824	86130432	0	loss
18	87793920	87849216	1	loss
18	88586496	88591104	0	loss
18	90429696	90459648	1	loss
19	0	3161088	3	gain
19	3161088	3168000	7	gain
19	3168000	3200256	3	gain
19	3200256	3244032	1	loss
19	3244032	3299328	3	gain
19	8227584	8229888	9	gain
19	9149184	9395712	0	loss
19	9692928	9706752	0	loss
19	9715968	9745920	3	gain
19	9778176	9805824	0	loss
19	9805824	9815040	3	gain
19	9815040	9831168	0	loss
19	11402496	11434752	1	loss
19	13114368	13123584	5	gain
19	13241088	13264128	5	gain
19	13264128	13289472	3	gain
19	13289472	13300992	5	gain
19	13480704	13568256	3	gain
19	23332608	23334912	7	gain
19	27263232	27265536	7	gain
19	33479424	33583104	1	loss
19	33583104	33702912	0	loss
19	33702912	33739776	1	loss
19	34562304	34583040	3	gain
19	38368512	38370816	6	gain
19	39103488	39174912	0	loss
19	39340800	39345408	8	gain
19	39725568	39794688	4	gain
19	45169920	45174528	4	gain
19	48082176	48084480	25	gain
19	51856128	51975936	1	loss
19	53031168	53033472	5	gain
19	58099968	58102272	156	gain
19	59947776	59950080	5	gain
2	3965184	3969792	14	gain
2	5382144	5384448	12	gain
2	6096384	6100992	5	gain
2	22477824	22480128	10	gain
2	22634496	22636800	8	gain
2	23344128	23355648	0	loss
2	32007168	32009472	7	gain
2	39248640	39257856	5	gain
2	53671680	53685504	0	loss
2	60417792	60422400	5	gain
2	66912768	66921984	9	gain
2	69903360	69907968	7	gain
2	70610688	70612992	11	gain
2	72840960	72843264	10	gain
2	83020032	83022336	7	gain
2	83782656	83824128	1	loss
2	86213376	86261760	0	loss
2	87687936	87722496	1	loss
2	87985152	88001280	1	loss
2	88001280	88010496	3	gain
2	88010496	88070400	0	loss
2	89038080	89077248	0	loss
2	89987328	89994240	5	gain
2	90017280	90072576	0	loss
2	90139392	90217728	0	loss
2	93659904	93662208	6	gain
2	98491392	98498304	11994	gain
2	100281600	100606464	1	loss
2	107424000	107430912	4	gain
2	113723136	113725440	12	gain
2	116377344	116393472	4	gain
2	123628032	123632640	5	gain
2	135599616	135601920	6	gain
2	149114880	149131008	0	loss
2	149907456	149932800	0	loss
2	150262272	150283008	4	gain
2	150543360	150547968	5	gain
2	151020288	151027200	6	gain
2	151094016	151282944	0	loss
2	156199680	156204288	6	gain
2	162277632	162282240	5	gain
2	167251968	167256576	5	gain
2	174802176	174809088	5	gain
2	174809088	174908160	3	gain
2	174908160	174974976	5	gain
2	174974976	175023360	9	gain
2	175023360	175071744	4	gain
2	175131648	175578624	0	loss
2	175638528	175675392	4	gain
2	175675392	175772160	0	loss
2	175772160	175968000	1	loss
2	175968000	176027904	0	loss
2	176131584	176391936	0	loss
2	176391936	176398848	4	gain
2	176398848	176560128	1	loss
2	176560128	176620032	0	loss
2	176620032	176730624	1	loss
2	176730624	176762880	3	gain
2	176762880	176769792	8	gain
2	176917248	176924160	7	gain
2	176924160	176974848	3	gain
2	177007104	177016320	4	gain
2	177016320	177405696	1	loss
2	177405696	177481728	3	gain
2	177481728	177525504	1	loss
2	177696000	177709824	4	gain
2	181557504	181573632	4	gain
3	0	3098880	14	gain
3	3098880	3126528	4	gain
3	3188736	3204864	4	gain
3	3264768	3299328	3	gain
3	5923584	5925888	38	gain
3	15395328	15922944	1	loss
3	20173824	20176128	14	gain
3	41720832	41725440	6	gain
3	56482560	56484864	55	gain
3	58814208	58818816	5	gain
3	64325376	64412928	4	gain
3	64472832	64560384	0	loss
3	64730880	64767744	0	loss
3	77504256	77511168	6	gain
3	82699776	82759680	3	gain
3	86876928	86881536	5	gain
3	91077120	91314432	1	loss
3	92118528	92189952	3	gain
3	93625344	93655296	1	loss
3	93655296	93793536	3	gain
3	93793536	94123008	1	loss
3	94613760	94625280	4	gain
3	97051392	97058304	5	gain
3	97316352	97325568	5	gain
3	98360064	98482176	0	loss
3	106096896	106175232	9	gain
3	106179840	106186752	8	gain
3	137138688	137164032	0	loss
3	139825152	139832064	5	gain
3	142276608	142327296	3	gain
4	3158784	3264768	3	gain
4	41808384	41900544	3	gain
4	49342464	49390848	5	gain
4	49390848	49469184	3	gain
4	60129792	60316416	1	loss
4	60316416	60447744	3	gain
4	60447744	61371648	1	loss
4	61581312	61698816	4	gain
4	61876224	61952256	0	loss
4	111921408	112467456	0	loss
4	112640256	113239296	0	loss
4	113239296	113543424	1	loss
4	121595904	122450688	0	loss
4	122522112	122556672	4	gain
4	143324928	143350272	4	gain
4	143414784	143626752	7	gain
4	143626752	143820288	4	gain
4	143820288	143836416	1	loss
4	143836416	143972352	3	gain
4	144255744	144285696	6	gain
4	145128960	145145088	9	gain
4	145154304	145322496	11	gain
4	145322496	145605888	6	gain
4	145617408	146299392	7	gain
4	146333952	146416896	5	gain
4	146416896	146426112	0	loss
4	146426112	146587392	13	gain
4	146587392	146592000	1	loss
4	146592000	147022848	7	gain
4	147022848	147101184	4	gain
4	147101184	147283200	9	gain
4	147283200	147310848	3	gain
4	147310848	147324672	9	gain
4	147324672	147393792	3	gain
4	147393792	147907584	7	gain
4	156425472	156508416	1	loss
4	156508416	156522240	4	gain
4	156522240	156589056	1	loss
4	156589056	156605184	8	gain
4	156605184	156860686	1	loss
5	3368448	3398400	3	gain
5	10920960	11179008	1	loss
5	11179008	11287296	3	gain
5	11287296	11897856	1	loss
5	11897856	11971584	3	gain
5	14952960	15015168	8	gain
5	15019776	15047424	6	gain
5	15047424	15054336	3	gain
5	15054336	15058944	18	gain
5	15068160	15644160	9	gain
5	15644160	15653376	3	gain
5	15653376	15869952	10	gain
5	15874560	15920640	9	gain
5	26122752	26221824	5	gain
5	26221824	26233344	3	gain
5	26233344	26325504	5	gain
5	26463744	26475264	6	gain
5	81524736	81531648	6	gain
5	88328448	88365312	4	gain
5	90678528	90680832	18	gain
5	94005504	94480128	0	loss
5	94480128	94542336	1	loss
5	94542336	95629824	0	loss
5	95666688	95963904	0	loss
5	104758272	104937984	1	loss
5	105011712	105055488	0	loss
5	105329664	105384960	0	loss
5	108986112	109287936	0	loss
5	110048256	110052864	8	gain
5	115059456	115061760	32	gain
5	145492992	145516032	5	gain
5	145516032	145541376	3	gain
5	145541376	145550592	8	gain
5	145550592	145559808	0	loss
5	145559808	145631232	8	gain
5	145631232	145654272	5	gain
5	145654272	145695744	3	gain
5	145695744	145704960	10	gain
5	145963008	146002176	0	loss
5	146195712	146200320	15	gain
6	0	3131136	3	gain
6	3131136	3138048	9	gain
6	3138048	3202560	3	gain
6	14084352	14091264	5	gain
6	26496000	26528256	0	loss
6	40660992	40684032	0	loss
6	41045760	41204736	1	loss
6	41333760	41419008	1	loss
6	47100672	47146752	0	loss
6	47623680	47743488	8	gain
6	58510080	58514688	5	gain
6	58565376	58581504	4	gain
6	60021504	60413184	0	loss
6	60413184	60470784	3	gain
6	65274624	65295360	0	loss
6	66594816	66624768	0	loss
6	67650048	67709952	3	gain
6	68191488	68198400	4	gain
6	68198400	68214528	0	loss
6	68214528	68242176	4	gain
6	68272128	68371200	3	gain
6	68371200	68435712	0	loss
6	68631552	68804352	1	loss
6	69087744	69152256	0	loss
6	69152256	69299712	1	loss
6	69336576	69371136	1	loss
6	69371136	69440256	3	gain
6	69440256	69479424	1	loss
6	69479424	69500160	3	gain
6	69500160	69550848	0	loss
6	69550848	69668352	1	loss
6	69668352	69700608	3	gain
6	69700608	69758208	4	gain
6	70122240	70205184	4	gain
6	70290432	70318080	3	gain
6	70318080	70350336	1	loss
6	73188864	73195776	5	gain
6	79605504	79612416	6	gain
6	85743360	85784832	0	loss
6	86906880	86980608	4	gain
6	95007744	95019264	4	gain
6	103624704	103627008	12435	gain
6	114471936	114527232	4	gain
6	114527232	114543360	7	gain
6	117727488	117741312	4	gain
6	123376896	123609600	1	loss
6	128818944	128871936	5	gain
6	128871936	128920320	3	gain
6	128920320	128968704	4	gain
6	130021632	130030848	4	gain
6	130030848	130104576	3	gain
6	130104576	130164480	1	loss
6	130164480	130196736	3	gain
6	130196736	130341888	1	loss
6	130567680	130685184	4	gain
6	130685184	130874112	1	loss
6	130874112	130993920	3	gain
6	131468544	131523840	1	loss
6	133106688	133182720	3	gain
6	133182720	133263360	1	loss
6	133263360	133422336	3	gain
6	133422336	133502976	4	gain
6	142113024	142119936	6	gain
7	5663232	5831424	1	loss
7	7225344	7273728	5	gain
7	7301376	7414272	5	gain
7	7414272	7462656	3	gain
7	7462656	7612416	5	gain
7	7612416	7932672	3	gain
7	7932672	8128512	5	gain
7	8128512	8727552	3	gain
7	8727552	8893440	4	gain
7	8893440	9052416	3	gain
7	9052416	9153792	5	gain
7	9153792	9487872	3	gain
7	9487872	9715968	4	gain
7	9715968	9752832	6	gain
7	9752832	9810432	3	gain
7	10490112	10826496	1	loss
7	11174400	11252736	0	loss
7	11743488	11757312	6	gain
7	14867712	15109632	3	gain
7	15109632	15169536	5	gain
7	15169536	15369984	3	gain
7	17012736	17111808	0	loss
7	17111808	17328384	1	loss
7	19809792	19819008	10	gain
7	19819008	22464000	0	loss
7	22620672	23003136	1	loss
7	23003136	23049216	4	gain
7	23367168	23461632	7	gain
7	31366656	32986368	1	loss
7	37976832	38108160	6	gain
7	38108160	38232576	4	gain
7	38232576	38506752	1	loss
7	38506752	38571264	3	gain
7	38571264	39045888	1	loss
7	40840704	40960512	4	gain
7	47176704	47303424	3	gain
7	47303424	47414016	6	gain
7	47490048	47625984	0	loss
7	47625984	47639808	5	gain
7	50588928	50637312	5	gain
7	59145984	59201280	4	gain
7	59360256	59431680	4	gain
7	60291072	60401664	0	loss
7	63721728	63740160	21	gain
7	64124928	64141056	5	gain
7	75389184	75432960	4	gain
7	105479424	105907968	1	loss
8	0	3117312	1	loss
8	19321344	19395072	4	gain
8	19443456	19489536	3	gain
8	19489536	19537920	8	gain
8	19537920	19729152	4	gain
8	19729152	20620800	12	gain
8	20620800	20623104	1	loss
8	20623104	21235968	15	gain
8	21235968	21242880	4	gain
8	21242880	21325824	15	gain
8	21330432	21339648	6	gain
8	21521664	21576960	1	loss
8	21576960	21586176	5	gain
8	21586176	21648384	0	loss
8	21648384	21763584	1	loss
8	21763584	22088448	0	loss
8	22125312	22212864	1	loss
8	22212864	22245120	3	gain
8	27767808	27793152	6	gain
8	27793152	27839232	4	gain
8	61051392	61058304	6	gain
8	69873408	69984000	1	loss
8	69984000	70004736	3	gain
8	71582976	71603712	3	gain
8	72237312	72576000	3	gain
8	72576000	72612864	5	gain
8	72804096	72845568	3	gain
8	124266240	124326144	1	loss
8	124326144	124328448	11	gain
9	0	3052800	1021	gain
9	3052800	3055104	4	gain
9	3055104	3062016	0	loss
9	3062016	3071232	5	gain
9	3257856	3260160	9	gain
9	3301632	3315456	12	gain
9	6119424	6128640	0	loss
9	7091712	7096320	5	gain
9	16996608	16998912	6	gain
9	18549504	18551808	5	gain
9	19641600	19687680	0	loss
9	19888128	19931904	1	loss
9	24452352	24454656	404	gain
9	24461568	24463872	7	gain
9	24482304	24484608	5	gain
9	25353216	25355520	13	gain
9	30553344	30560256	6	gain
9	33064704	33073920	10	gain
9	34981632	35004672	0	loss
9	35214336	35218944	2359	gain
9	35299584	35306496	4	gain
9	36552960	36566784	1	loss
9	38181888	38207232	0	loss
9	38787840	38808576	3	gain
9	39216384	39223296	0	loss
9	41817600	41822208	7	gain
9	48432384	48434688	7	gain
9	62346240	62350848	5	gain
9	73214208	73223424	0	loss
9	75432960	75435264	8	gain
9	78137856	78197760	1	loss
9	83817216	83821824	5	gain
9	86340096	86342400	6	gain
9	88473600	88512768	1	loss
9	88701696	88710912	6	gain
9	88975872	89049600	1	loss
9	102157056	102159360	9	gain
9	102905856	102908160	6	gain
9	110108160	110110464	10	gain
9	114048000	114054912	4	gain
9	114100992	114112512	4	gain
9	114909696	114914304	5	gain
9	121234176	121243392	5	gain
9	123289344	123291648	23	gain
9	124017408	124022016	19	gain
X	0	3244032	6	gain
X	3244032	3485952	4	gain
X	3485952	4359168	6	gain
X	4359168	4432896	1	loss
X	4432896	4460544	5	gain
X	4460544	4594176	1	loss
X	4594176	5234688	5	gain
X	24406272	24726528	0	loss
X	25164288	26445312	0	loss
X	26445312	26933760	1	loss
X	26933760	27092736	0	loss
X	27092736	27143424	4	gain
X	29127168	29452032	0	loss
X	29452032	29938176	3	gain
X	29938176	30101760	4	gain
X	30495744	30705408	3	gain
X	30705408	31057920	7	gain
X	31223808	31428864	6	gain
X	31590144	32073984	5	gain
X	32228352	32518656	5	gain
X	32751360	33596928	5	gain
X	33596928	34483968	3	gain
X	34483968	34751232	5	gain
X	36502272	36744192	1	loss
X	53687808	54332928	3	gain
X	93917952	94023936	5	gain
X	122029056	122478336	3	gain
X	122478336	122699520	6	gain
X	122699520	123121152	3	gain
X	123121152	124934400	0	loss
X	125597952	125685504	6	gain
X	146822400	147458304	1	loss
X	147458304	147764736	4	gain
X	147764736	148398336	1	loss
X	148555008	148723200	4	gain
X	153798912	153849600	4	gain
X	168758784	169014528	11	gain
