1	4629000	4638000	5	gain
1	7953000	7959000	5	gain
1	24648000	24657000	33	gain
1	26724000	26730000	11	gain
1	42177000	42183000	5	gain
1	48456000	48462000	5	gain
1	63870000	63876000	5	gain
1	84930000	84975000	79	gain
1	84978000	85116000	35	gain
1	85116000	85131000	3	gain
1	85131000	85200000	23	gain
1	85206000	85398000	37	gain
1	85398000	85404000	3	gain
1	85404000	85443000	47	gain
1	85443000	85449000	3	gain
1	85449000	85590000	66	gain
1	88137000	88239000	14	gain
1	89145000	89151000	6	gain
1	110097000	110106000	5	gain
1	114693000	114699000	5	gain
1	120921000	120930000	4	gain
1	121131000	121137000	6	gain
1	133275000	133296000	4	gain
1	157704000	157710000	5	gain
1	170892000	170913000	8	gain
1	171333000	171351000	5	gain
1	171351000	171411000	8	gain
1	173346000	173415000	0	loss
1	173478000	173514000	0	loss
1	173679000	173739000	1	loss
1	173739000	173766000	7	gain
1	173766000	173793000	4	gain
1	173793000	173799000	1	loss
1	173799000	173811000	7	gain
1	176109000	176115000	6	gain
1	177684000	177744000	4	gain
1	177756000	177885000	5	gain
1	177885000	178005000	3	gain
1	179463000	179469000	5	gain
1	192753000	192759000	5	gain
1	194943000	195154279	1	loss
10	3195000	3204000	7	gain
10	7338000	7446000	3	gain
10	19881000	19884000	15	gain
10	22023000	22092000	7	gain
10	22092000	22140000	4	gain
10	22140000	22188000	7	gain
10	22188000	22197000	3	gain
10	22197000	22308000	6	gain
10	22308000	22347000	3	gain
10	23346000	23364000	4	gain
10	29496000	29502000	5	gain
10	32691000	32697000	16	gain
10	35553000	35559000	6	gain
10	42252000	42258000	6	gain
10	43386000	43392000	6	gain
10	46458000	46464000	5	gain
10	51375000	51390000	0	loss
10	56124000	56130000	6	gain
10	57015000	57021000	5	gain
10	57987000	58077000	4	gain
10	58863000	58869000	5	gain
10	70626000	70635000	4	gain
10	70719000	70725000	5	gain
10	72132000	72135000	107	gain
10	76356000	76362000	6	gain
10	81915000	81948000	0	loss
10	92889000	92895000	5	gain
10	99174000	99180000	6	gain
10	100161000	100221000	4	gain
10	104031000	104037000	5	gain
10	107682000	107688000	5	gain
10	110199000	110208000	4	gain
10	118092000	118191000	1	loss
10	121542000	121548000	6	gain
10	121893000	121905000	9	gain
10	122343000	122349000	5	gain
11	0	3135000	12	gain
11	3135000	3150000	118	gain
11	10386000	10392000	5	gain
11	10425000	10428000	6	gain
11	12324000	12327000	22	gain
11	13566000	13572000	5	gain
11	18576000	18579000	6	gain
11	24825000	24831000	5	gain
11	27330000	27339000	5	gain
11	27795000	27870000	1	loss
11	30360000	30363000	6	gain
11	41523000	41526000	17	gain
11	43194000	43200000	5	gain
11	47319000	47325000	6	gain
11	48360000	48366000	6	gain
11	48828000	48951000	1	loss
11	49359000	49383000	0	loss
11	50910000	50916000	5	gain
11	56625000	56628000	6	gain
11	58359000	58368000	4	gain
11	58977000	58983000	5	gain
11	59670000	59673000	6	gain
11	60453000	60462000	5	gain
11	60462000	60477000	1	loss
11	60477000	60552000	3	gain
11	60552000	60582000	4	gain
11	62859000	62865000	5	gain
11	63690000	63696000	5	gain
11	70956000	71064000	3	gain
11	71064000	71199000	1	loss
11	71268000	71274000	5	gain
11	73299000	73347000	0	loss
11	73488000	73509000	4	gain
11	74193000	74205000	4	gain
11	74775000	74778000	9	gain
11	81321000	81327000	6	gain
11	83016000	83064000	1	loss
11	83577000	83598000	6	gain
11	88779000	88788000	6	gain
11	88971000	88974000	8	gain
11	89445000	89451000	5	gain
11	94686000	94704000	0	loss
11	99585000	99630000	4	gain
11	99717000	99723000	5	gain
11	99774000	99780000	5	gain
11	105957000	105960000	8	gain
11	108003000	108006000	6	gain
11	108900000	108903000	32	gain
11	113802000	113808000	7	gain
11	114771000	114786000	4	gain
11	115644000	115653000	5	gain
11	116634000	116661000	4	gain
11	116958000	116961000	11	gain
11	118275000	118278000	7	gain
12	17964000	18267000	1	loss
12	18267000	18381000	7	gain
12	18405000	18456000	6	gain
12	18456000	18675000	3	gain
12	18675000	19080000	5	gain
12	19080000	19227000	8	gain
12	19293000	19317000	6	gain
12	19602000	19638000	4	gain
12	19638000	19713000	1	loss
12	19713000	19722000	7	gain
12	19722000	20106000	1	loss
12	20286000	20370000	5	gain
12	20370000	20517000	4	gain
12	20682000	20982000	4	gain
12	21618000	21654000	4	gain
12	21714000	21777000	1	loss
12	21777000	21945000	3	gain
12	21945000	22065000	1	loss
12	22491000	22764000	1	loss
12	22890000	23064000	1	loss
12	23064000	23142000	3	gain
12	23142000	23244000	5	gain
12	23808000	23856000	3	gain
12	23856000	24075000	1	loss
12	24123000	24138000	6	gain
12	24138000	24405000	1	loss
12	24405000	24507000	3	gain
12	55131000	55299000	1	loss
12	60219000	60321000	0	loss
12	87558000	87567000	6	gain
12	87567000	87723000	3	gain
12	87723000	87780000	1	loss
12	87780000	87840000	3	gain
12	88170000	88188000	5	gain
12	101136000	101370000	1	loss
12	103698000	103734000	5	gain
12	103806000	103833000	8	gain
12	103833000	103872000	4	gain
12	113547000	113760000	3	gain
12	114084000	114099000	6	gain
12	114765000	114816000	5	gain
12	115026000	115227000	4	gain
12	115227000	115488000	3	gain
12	115488000	115521000	6	gain
12	115521000	115551000	3	gain
12	115551000	115629000	5	gain
12	115767000	115779000	8	gain
12	115779000	115851000	3	gain
13	3390000	3399000	7	gain
13	9060000	9063000	21	gain
13	12888000	13446000	1	loss
13	19116000	19122000	12	gain
13	22767000	22782000	0	loss
13	22875000	22956000	0	loss
13	23079000	23166000	1	loss
13	23586000	23598000	5	gain
13	33369000	33450000	3	gain
13	33450000	33600000	1	loss
13	33798000	33858000	4	gain
13	34044000	34053000	5	gain
13	49899000	49902000	7	gain
13	50781000	50961000	3	gain
13	58323000	58326000	116	gain
13	61779000	61878000	0	loss
13	61878000	61965000	1	loss
13	61965000	62010000	3	gain
13	62010000	62226000	0	loss
13	62226000	62241000	3	gain
13	62241000	62277000	6	gain
13	62277000	62319000	3	gain
13	62319000	62337000	5	gain
13	62580000	62676000	3	gain
13	62862000	62871000	10	gain
13	65592000	65595000	6	gain
13	65628000	65643000	6	gain
13	65643000	65655000	3	gain
13	65655000	65691000	7	gain
13	65691000	65751000	1	loss
13	65751000	65781000	5	gain
13	65790000	65871000	5	gain
13	65871000	65889000	3	gain
13	65889000	65904000	7	gain
13	65904000	65943000	3	gain
13	65943000	65961000	5	gain
13	66048000	66114000	3	gain
13	66114000	66156000	5	gain
13	66156000	66162000	1	loss
13	66162000	66198000	5	gain
13	66261000	66273000	6	gain
13	66273000	66318000	3	gain
13	66318000	66336000	4	gain
13	66372000	66384000	5	gain
13	66384000	66417000	1	loss
13	66438000	66450000	7	gain
13	66450000	66459000	3	gain
13	66459000	66534000	1	loss
13	66579000	66597000	7	gain
13	66597000	66648000	4	gain
13	66648000	66762000	1	loss
13	66762000	66876000	6	gain
13	66939000	66948000	7	gain
13	66948000	66966000	1	loss
13	68034000	68040000	6	gain
13	68148000	68244000	4	gain
13	68244000	68445000	1	loss
13	68445000	68478000	3	gain
13	68478000	68520000	1	loss
13	68589000	68598000	16	gain
13	68598000	68625000	3	gain
13	74676000	74679000	12	gain
13	75027000	75030000	8	gain
13	77586000	77589000	28	gain
13	85806000	85842000	0	loss
13	100377000	100497000	1	loss
13	120339000	120369000	3	gain
13	120369000	120375000	12	gain
13	120375000	120405000	3	gain
13	120486000	120495000	5	gain
14	15054000	15369000	1	loss
14	15369000	15690000	3	gain
14	15966000	16038000	4	gain
14	16563000	16569000	6	gain
14	16569000	17346000	1	loss
14	17610000	17637000	3	gain
14	17637000	17670000	5	gain
14	17670000	17751000	3	gain
14	17751000	18021000	1	loss
14	18021000	18057000	3	gain
14	18057000	18105000	5	gain
14	18105000	18177000	3	gain
14	18177000	18207000	7	gain
14	18540000	19320000	1	loss
14	19368000	19584000	1	loss
14	19899000	19983000	3	gain
14	30471000	30477000	6	gain
14	40998000	41088000	3	gain
14	41145000	41295000	3	gain
14	41295000	41340000	1	loss
14	41340000	41382000	5	gain
14	41382000	41436000	3	gain
14	41436000	41448000	6	gain
14	41448000	41781000	3	gain
14	41781000	41808000	5	gain
14	41991000	42039000	4	gain
14	42039000	42201000	1	loss
14	42339000	42525000	1	loss
14	42525000	42960000	3	gain
14	43125000	43137000	4	gain
14	43227000	43767000	1	loss
14	43806000	43821000	6	gain
14	43821000	43956000	4	gain
14	43956000	44361000	1	loss
14	44361000	44952000	0	loss
14	51816000	51933000	5	gain
14	51933000	51999000	3	gain
14	51999000	52041000	5	gain
14	53322000	53334000	5	gain
14	53733000	53862000	3	gain
14	53862000	53871000	6	gain
14	56157000	56205000	4	gain
14	65862000	65868000	7	gain
14	69489000	69927000	1	loss
14	90531000	90540000	7	gain
14	93447000	93456000	8	gain
15	4443000	4446000	8	gain
15	6711000	6714000	5	gain
15	9219000	9225000	5	gain
15	13110000	13116000	5	gain
15	14433000	14436000	6	gain
15	19047000	19053000	4	gain
15	30747000	30750000	4	gain
15	33831000	33840000	9	gain
15	36132000	36138000	4	gain
15	55896000	55902000	4	gain
15	58308000	58314000	4	gain
15	60012000	60015000	12	gain
15	63663000	63666000	7	gain
15	63693000	63702000	5	gain
15	63756000	63762000	4	gain
15	63762000	63771000	1	loss
15	74955000	74961000	32	gain
15	75345000	75366000	3	gain
15	77319000	77322000	4	gain
15	77322000	77361000	1	loss
15	79752000	79758000	4	gain
15	82245000	82251000	4	gain
15	85059000	85062000	5	gain
15	86181000	86184000	5	gain
15	88917000	88929000	3	gain
15	91011000	91029000	1	loss
15	98205000	98217000	4	gain
15	99633000	99636000	166	gain
15	100062000	100065000	5	gain
15	103563000	103635000	1	loss
16	3267000	3309000	3	gain
16	3309000	3315000	6	gain
16	3363000	3369000	7	gain
16	8319000	8322000	6	gain
16	10791000	10794000	49	gain
16	10959000	10962000	6	gain
16	12912000	13146000	3	gain
16	13725000	13728000	8	gain
16	17040000	17043000	10	gain
16	18915000	18927000	3	gain
16	18927000	18945000	1	loss
16	19011000	19083000	3	gain
16	19758000	19761000	6	gain
16	20886000	20910000	0	loss
16	26313000	26319000	15	gain
16	35970000	35982000	3	gain
16	36063000	36117000	1	loss
16	36117000	36120000	3	gain
16	36120000	36141000	0	loss
16	36180000	36189000	0	loss
16	36237000	36255000	4	gain
16	44622000	44634000	4	gain
16	44667000	44688000	0	loss
16	46470000	46473000	10	gain
16	50814000	50817000	5	gain
16	56847000	56850000	4	gain
16	57210000	57213000	35	gain
16	58641000	58650000	4	gain
16	58650000	58668000	1	loss
16	59181000	59184000	5	gain
16	71580000	71592000	4	gain
16	74571000	74577000	5	gain
16	76356000	76359000	6	gain
16	78405000	78411000	5	gain
16	79794000	79806000	0	loss
16	80580000	80595000	0	loss
16	81621000	81633000	0	loss
16	81876000	81900000	1	loss
16	87168000	87171000	6	gain
16	88995000	89016000	1	loss
16	90138000	90147000	4	gain
16	91329000	91332000	13	gain
16	93483000	93486000	10	gain
16	94611000	94614000	7	gain
16	95706000	95712000	10	gain
16	97770000	97776000	4	gain
17	6276000	6297000	6	gain
17	6297000	6312000	3	gain
17	6312000	6336000	6	gain
17	6336000	6396000	4	gain
17	6684000	6783000	4	gain
17	6855000	6924000	3	gain
17	6924000	6987000	4	gain
17	13266000	13320000	3	gain
17	13320000	13569000	4	gain
17	14292000	14298000	6	gain
17	15183000	15294000	3	gain
17	17214000	17310000	4	gain
17	17421000	17448000	4	gain
17	18345000	18387000	0	loss
17	19167000	19620000	0	loss
17	21084000	21087000	8	gain
17	22749000	22887000	4	gain
17	23148000	23373000	0	loss
17	23508000	23517000	5	gain
17	23649000	23655000	9	gain
17	23655000	23694000	3	gain
17	23694000	23700000	6	gain
17	23730000	23742000	11	gain
17	27570000	27573000	7	gain
17	31431000	31551000	4	gain
17	34176000	34194000	5	gain
17	34437000	34440000	14	gain
17	34983000	34986000	13	gain
17	35463000	35514000	5	gain
17	36252000	36255000	6	gain
17	36402000	36495000	1	loss
17	36540000	36546000	11	gain
17	37044000	37074000	0	loss
17	38793000	38832000	4	gain
17	38832000	38937000	5	gain
17	38937000	38973000	3	gain
17	39975000	39996000	0	loss
17	40152000	40161000	116	gain
17	40491000	40494000	6	gain
17	48429000	48465000	3	gain
17	52023000	52029000	5	gain
17	54021000	54054000	0	loss
17	69249000	69258000	5	gain
17	81468000	81471000	10	gain
17	85299000	85302000	6	gain
17	85323000	85326000	31	gain
18	0	3108000	3	gain
18	3108000	3114000	4	gain
18	3114000	3120000	10	gain
18	4194000	4200000	8	gain
18	4221000	4227000	7	gain
18	4914000	4917000	5	gain
18	5232000	5235000	5	gain
18	6543000	6555000	0	loss
18	6861000	6870000	4	gain
18	8163000	8169000	4	gain
18	10230000	10236000	4	gain
18	12963000	12966000	6	gain
18	13380000	13383000	9	gain
18	15648000	15651000	5	gain
18	20748000	20763000	8	gain
18	27132000	27138000	4	gain
18	32904000	32928000	1	loss
18	37188000	37209000	1	loss
18	46881000	46884000	5	gain
18	51318000	51330000	0	loss
18	56070000	56073000	5	gain
18	60456000	60480000	1	loss
18	60498000	60513000	4	gain
18	60567000	60588000	3	gain
18	68208000	68211000	5	gain
18	68547000	68550000	6	gain
18	70488000	70500000	0	loss
18	73665000	73668000	11	gain
18	74046000	74052000	4	gain
18	76497000	76500000	6	gain
18	77472000	77475000	5	gain
18	79959000	79968000	0	loss
18	82203000	82239000	0	loss
18	85716000	85719000	6	gain
18	87795000	87849000	1	loss
19	0	3117000	3	gain
19	3117000	3123000	5	gain
19	3162000	3168000	6	gain
19	3168000	3201000	3	gain
19	3201000	3243000	1	loss
19	3243000	3300000	3	gain
19	8229000	8232000	8	gain
19	9150000	9366000	0	loss
19	9366000	9396000	1	loss
19	9693000	9708000	0	loss
19	9738000	9747000	4	gain
19	9780000	9807000	0	loss
19	9807000	9813000	3	gain
19	9813000	9831000	0	loss
19	11061000	11070000	0	loss
19	11403000	11436000	1	loss
19	13116000	13122000	6	gain
19	13242000	13260000	5	gain
19	13260000	13290000	3	gain
19	13290000	13302000	5	gain
19	13485000	13569000	3	gain
19	23334000	23337000	5	gain
19	27261000	27264000	6	gain
19	29664000	29673000	4	gain
19	33480000	33585000	1	loss
19	33585000	33702000	0	loss
19	33702000	33738000	1	loss
19	34563000	34584000	3	gain
19	38367000	38370000	5	gain
19	39105000	39174000	0	loss
19	39339000	39345000	7	gain
19	39726000	39795000	4	gain
19	48081000	48084000	20	gain
19	51855000	51972000	1	loss
19	58101000	58104000	99	gain
19	59946000	59949000	5	gain
2	3963000	3975000	5	gain
2	5382000	5385000	10	gain
2	22479000	22482000	7	gain
2	25689000	25692000	7	gain
2	32007000	32010000	6	gain
2	39249000	39258000	5	gain
2	41877000	41880000	6	gain
2	53673000	53685000	0	loss
2	60417000	60423000	5	gain
2	66912000	66921000	11	gain
2	69903000	69909000	6	gain
2	70611000	70614000	9	gain
2	72843000	72846000	9	gain
2	83019000	83022000	6	gain
2	83784000	83823000	1	loss
2	86211000	86262000	0	loss
2	87687000	87723000	1	loss
2	88011000	88071000	0	loss
2	89037000	89076000	0	loss
2	89988000	89994000	6	gain
2	90018000	90075000	0	loss
2	90141000	90192000	0	loss
2	98490000	98499000	9805	gain
2	100281000	100608000	1	loss
2	107424000	107433000	4	gain
2	113721000	113724000	10	gain
2	116376000	116394000	4	gain
2	132924000	132927000	7	gain
2	149115000	149130000	0	loss
2	149907000	149934000	1	loss
2	150261000	150282000	4	gain
2	150543000	150549000	5	gain
2	151020000	151026000	6	gain
2	151095000	151284000	0	loss
2	156201000	156204000	8	gain
2	162279000	162282000	6	gain
2	167253000	167256000	6	gain
2	174804000	174810000	5	gain
2	174810000	174909000	3	gain
2	174909000	174975000	5	gain
2	174975000	175023000	10	gain
2	175023000	175065000	4	gain
2	175131000	175578000	0	loss
2	175638000	175677000	4	gain
2	175677000	175773000	0	loss
2	175773000	175968000	1	loss
2	175968000	176028000	0	loss
2	176130000	176391000	0	loss
2	176406000	176730000	1	loss
2	176730000	176763000	3	gain
2	176763000	176769000	9	gain
2	176916000	176925000	7	gain
2	176925000	176976000	3	gain
2	177006000	177015000	5	gain
2	177015000	177093000	1	loss
2	177093000	177483000	3	gain
2	177483000	177525000	1	loss
2	177525000	177696000	3	gain
2	177696000	177711000	4	gain
2	181557000	181569000	6	gain
3	0	3099000	15	gain
3	3099000	3108000	4	gain
3	3114000	3123000	5	gain
3	3189000	3204000	4	gain
3	3264000	3300000	3	gain
3	5925000	5928000	30	gain
3	9969000	9975000	4	gain
3	15444000	15921000	1	loss
3	20175000	20178000	10	gain
3	34905000	34908000	7	gain
3	37365000	37368000	7	gain
3	39081000	39084000	6	gain
3	41721000	41724000	7	gain
3	56481000	56484000	39	gain
3	56823000	56850000	1	loss
3	58815000	58818000	6	gain
3	64323000	64413000	4	gain
3	64473000	64560000	0	loss
3	64731000	64770000	0	loss
3	67587000	67590000	6	gain
3	74166000	74181000	0	loss
3	77502000	77511000	4	gain
3	82701000	82758000	3	gain
3	86877000	86883000	5	gain
3	88692000	88743000	1	loss
3	91077000	91314000	1	loss
3	92118000	92190000	4	gain
3	93627000	93657000	1	loss
3	93657000	93795000	3	gain
3	93795000	94122000	1	loss
3	94614000	94626000	5	gain
3	95949000	95955000	7	gain
3	97050000	97059000	4	gain
3	97317000	97326000	5	gain
3	98361000	98484000	0	loss
3	99888000	99891000	6	gain
3	106098000	106173000	9	gain
3	106173000	106179000	3	gain
3	106179000	106188000	6	gain
3	113502000	113517000	0	loss
3	114201000	114213000	0	loss
3	114264000	114273000	4	gain
3	117171000	117180000	5	gain
3	125952000	125955000	5	gain
3	137139000	137163000	0	loss
3	139827000	139833000	5	gain
3	141897000	141900000	9	gain
3	142278000	142326000	3	gain
3	142374000	142386000	0	loss
4	0	3159000	3	gain
4	3159000	3264000	4	gain
4	49347000	49392000	6	gain
4	60129000	60315000	1	loss
4	60315000	60447000	3	gain
4	60447000	61371000	1	loss
4	61581000	61701000	4	gain
4	61875000	61953000	0	loss
4	111915000	112467000	0	loss
4	112641000	113238000	0	loss
4	113238000	113544000	1	loss
4	121596000	122451000	0	loss
4	122523000	122556000	4	gain
4	143325000	143352000	4	gain
4	143415000	143625000	7	gain
4	143625000	143820000	4	gain
4	143820000	143832000	1	loss
4	143832000	143973000	3	gain
4	144258000	144285000	6	gain
4	145128000	145578000	7	gain
4	145578000	146082000	4	gain
4	146082000	146301000	7	gain
4	146337000	146418000	5	gain
4	146418000	146424000	0	loss
4	146424000	146829000	9	gain
4	146829000	146919000	3	gain
4	146919000	147021000	9	gain
4	147021000	147099000	4	gain
4	147099000	147285000	8	gain
4	147285000	147393000	3	gain
4	147393000	147906000	7	gain
4	156378000	156405000	5	gain
4	156405000	156860686	1	loss
5	3366000	3399000	3	gain
5	10941000	11178000	1	loss
5	11178000	11286000	3	gain
5	11286000	11898000	1	loss
5	11898000	11970000	3	gain
5	14949000	15015000	8	gain
5	15015000	15870000	10	gain
5	15870000	15876000	3	gain
5	15876000	15921000	10	gain
5	25287000	25290000	8	gain
5	26121000	26223000	5	gain
5	26232000	26328000	6	gain
5	26463000	26475000	6	gain
5	33354000	33357000	7	gain
5	47328000	47358000	1	loss
5	81525000	81531000	5	gain
5	88329000	88365000	4	gain
5	89439000	89442000	10	gain
5	90678000	90681000	14	gain
5	92763000	92766000	8	gain
5	94005000	94482000	0	loss
5	94542000	95631000	0	loss
5	95667000	95964000	0	loss
5	101304000	101307000	6	gain
5	104760000	104937000	1	loss
5	105012000	105054000	0	loss
5	105330000	105387000	0	loss
5	108984000	109287000	0	loss
5	110049000	110052000	10	gain
5	115059000	115062000	26	gain
5	137010000	137013000	6	gain
5	137718000	137721000	10	gain
5	145494000	145515000	5	gain
5	145515000	145542000	3	gain
5	145542000	145551000	8	gain
5	145551000	145560000	0	loss
5	145560000	145632000	8	gain
5	145632000	145683000	4	gain
5	145695000	145704000	9	gain
5	145965000	146004000	0	loss
5	146196000	146199000	21	gain
5	150198000	150213000	0	loss
6	0	3204000	3	gain
6	26496000	26529000	0	loss
6	40659000	40686000	0	loss
6	41046000	41205000	1	loss
6	47100000	47145000	0	loss
6	47622000	47745000	7	gain
6	60021000	60411000	0	loss
6	60411000	60471000	3	gain
6	66594000	66627000	0	loss
6	67650000	67710000	3	gain
6	68214000	68244000	4	gain
6	68244000	68376000	3	gain
6	68376000	68436000	0	loss
6	68631000	68805000	1	loss
6	69087000	69150000	0	loss
6	69150000	69372000	1	loss
6	69441000	69669000	1	loss
6	69669000	69759000	4	gain
6	70122000	70203000	4	gain
6	79605000	79611000	7	gain
6	85743000	85785000	0	loss
6	86907000	86979000	4	gain
6	103626000	103629000	8493	gain
6	114474000	114528000	4	gain
6	114528000	114543000	7	gain
6	117726000	117741000	4	gain
6	123378000	123609000	1	loss
6	128820000	128871000	5	gain
6	128871000	128970000	4	gain
6	130020000	130059000	3	gain
6	130569000	130683000	4	gain
6	130683000	130875000	1	loss
6	130875000	130986000	4	gain
6	133263000	133503000	3	gain
6	142113000	142119000	6	gain
7	3900000	3933000	0	loss
7	5664000	5832000	1	loss
7	7209000	7284000	4	gain
7	7305000	7416000	5	gain
7	7416000	7464000	3	gain
7	7464000	7611000	5	gain
7	7611000	7932000	3	gain
7	7932000	8088000	5	gain
7	8088000	8121000	6	gain
7	8121000	8529000	3	gain
7	8529000	8550000	5	gain
7	8550000	8727000	3	gain
7	8727000	8892000	4	gain
7	8892000	9063000	3	gain
7	9063000	9150000	5	gain
7	9150000	9489000	3	gain
7	9489000	9651000	4	gain
7	9651000	9663000	1	loss
7	9663000	9711000	4	gain
7	9711000	9753000	6	gain
7	9753000	9813000	3	gain
7	10491000	10827000	1	loss
7	11175000	11253000	1	loss
7	11742000	11757000	6	gain
7	11757000	11781000	3	gain
7	11781000	11823000	1	loss
7	14499000	14607000	3	gain
7	14865000	15006000	3	gain
7	15006000	15021000	6	gain
7	15021000	15111000	3	gain
7	15111000	15171000	5	gain
7	15171000	15390000	3	gain
7	15390000	15423000	0	loss
7	17013000	17112000	0	loss
7	17112000	17328000	1	loss
7	18303000	18339000	0	loss
7	19809000	19818000	12	gain
7	19818000	20889000	0	loss
7	20889000	21684000	1	loss
7	21684000	22464000	0	loss
7	22599000	22998000	1	loss
7	23022000	23049000	4	gain
7	23367000	23460000	8	gain
7	26478000	26481000	54	gain
7	31365000	32985000	1	loss
7	37977000	38052000	5	gain
7	38058000	38109000	8	gain
7	38109000	38232000	4	gain
7	38232000	38493000	1	loss
7	38493000	38571000	3	gain
7	38571000	38769000	1	loss
7	38874000	39042000	1	loss
7	40839000	40959000	4	gain
7	46923000	46956000	0	loss
7	47181000	47307000	3	gain
7	47307000	47322000	6	gain
7	47337000	47415000	6	gain
7	47469000	47490000	3	gain
7	47490000	47625000	0	loss
7	47625000	47640000	5	gain
7	47892000	47946000	0	loss
7	50589000	50637000	5	gain
7	59061000	59070000	5	gain
7	59070000	59103000	0	loss
7	59103000	59106000	8	gain
7	59145000	59202000	3	gain
7	59361000	59367000	7	gain
7	59367000	59415000	3	gain
7	59415000	59430000	6	gain
7	60291000	60402000	0	loss
7	61383000	61392000	5	gain
7	62433000	62454000	4	gain
7	63723000	63741000	26	gain
7	64125000	64140000	6	gain
7	75390000	75435000	4	gain
7	104076000	104079000	33	gain
7	104139000	104196000	1	loss
7	105480000	105909000	1	loss
7	106704000	106728000	0	loss
7	107427000	107448000	0	loss
7	143187000	143241000	3	gain
8	0	3117000	1	loss
8	19323000	19395000	4	gain
8	19443000	19488000	3	gain
8	19488000	19539000	7	gain
8	19539000	19731000	4	gain
8	19731000	19788000	13	gain
8	19788000	21186000	14	gain
8	21186000	21339000	8	gain
8	21522000	21576000	1	loss
8	21576000	21588000	4	gain
8	21588000	21648000	0	loss
8	21648000	21762000	1	loss
8	21762000	22089000	0	loss
8	22125000	22212000	1	loss
8	22212000	22245000	3	gain
8	23583000	23586000	11	gain
8	27768000	27795000	6	gain
8	27795000	27825000	4	gain
8	27825000	27840000	6	gain
8	61050000	61059000	6	gain
8	69873000	69957000	1	loss
8	69957000	69960000	6	gain
8	69960000	69984000	1	loss
8	69984000	70005000	3	gain
8	71583000	71604000	4	gain
8	72234000	72576000	3	gain
8	72576000	72615000	5	gain
8	72801000	72840000	3	gain
8	97260000	97263000	7	gain
8	124266000	124326000	1	loss
8	124326000	124329000	8	gain
9	0	3054000	1320	gain
9	3054000	3063000	1	loss
9	3063000	3072000	5	gain
9	3258000	3261000	7	gain
9	3303000	3318000	11	gain
9	3879000	3891000	1	loss
9	4113000	4119000	0	loss
9	4953000	4968000	1	loss
9	6120000	6129000	0	loss
9	7092000	7095000	6	gain
9	7371000	7383000	3	gain
9	18549000	18552000	5	gain
9	19290000	19299000	1	loss
9	19641000	19689000	0	loss
9	19890000	19905000	0	loss
9	19923000	19932000	1	loss
9	24453000	24456000	299	gain
9	24462000	24465000	6	gain
9	24483000	24486000	5	gain
9	25353000	25356000	10	gain
9	30552000	30561000	5	gain
9	32265000	32268000	5	gain
9	33063000	33075000	8	gain
9	34983000	35004000	0	loss
9	35214000	35217000	3445	gain
9	36552000	36564000	1	loss
9	38184000	38208000	0	loss
9	38787000	38808000	3	gain
9	39216000	39225000	0	loss
9	39261000	39270000	1	loss
9	41817000	41823000	6	gain
9	48432000	48435000	6	gain
9	52797000	52821000	1	loss
9	54036000	54039000	5	gain
9	62346000	62349000	5	gain
9	73203000	73224000	1	loss
9	75432000	75435000	6	gain
9	78138000	78198000	1	loss
9	83817000	83823000	5	gain
9	86340000	86343000	5	gain
9	88473000	88512000	1	loss
9	88638000	88671000	3	gain
9	88701000	88713000	4	gain
9	88977000	88998000	0	loss
9	89025000	89049000	1	loss
9	90444000	90447000	4	gain
9	102156000	102159000	7	gain
9	102906000	102909000	5	gain
9	103230000	103233000	5	gain
9	110109000	110112000	8	gain
9	113979000	114009000	1	loss
9	114912000	114915000	6	gain
9	121050000	121068000	1	loss
9	121233000	121242000	5	gain
9	123288000	123294000	10	gain
9	124017000	124023000	14	gain
X	0	3246000	6	gain
X	3246000	3486000	4	gain
X	3486000	4359000	6	gain
X	4359000	4431000	1	loss
X	4431000	4461000	5	gain
X	4647000	5235000	5	gain
X	24408000	24726000	0	loss
X	25167000	25704000	0	loss
X	25704000	25713000	6	gain
X	25713000	26445000	0	loss
X	26445000	26934000	1	loss
X	26934000	27093000	0	loss
X	27093000	27144000	4	gain
X	29127000	29451000	0	loss
X	29982000	30102000	4	gain
X	30495000	30705000	3	gain
X	30705000	31059000	6	gain
X	31224000	31431000	6	gain
X	31587000	32076000	5	gain
X	32229000	32517000	4	gain
X	32751000	33597000	5	gain
X	33597000	34482000	3	gain
X	34482000	34752000	4	gain
X	36501000	36858000	1	loss
X	53688000	54333000	3	gain
X	93918000	94026000	5	gain
X	122028000	122478000	3	gain
X	122478000	122700000	5	gain
X	122700000	122952000	3	gain
X	123126000	124935000	0	loss
X	125598000	125685000	6	gain
X	146814000	147459000	1	loss
X	147459000	147765000	4	gain
X	147765000	148401000	1	loss
X	148401000	148836000	3	gain
