1	7404000	7452000	0	loss
1	16140000	16146000	8	gain
1	24648000	24657000	152	gain
1	31830000	31836000	5	gain
1	44427000	44454000	0	loss
1	47145000	47151000	5	gain
1	61710000	61716000	5	gain
1	63870000	63876000	5	gain
1	68619000	68625000	9	gain
1	78585000	78588000	554	gain
1	84933000	84972000	7	gain
1	84972000	85044000	5	gain
1	85044000	85125000	9	gain
1	85131000	85191000	8	gain
1	85191000	85209000	3	gain
1	85209000	85239000	9	gain
1	85239000	85293000	4	gain
1	85293000	85581000	8	gain
1	87954000	87984000	3	gain
1	88137000	88239000	20	gain
1	89145000	89151000	5	gain
1	93774000	93936000	1	loss
1	100152000	100161000	5	gain
1	102939000	102960000	0	loss
1	104598000	104640000	1	loss
1	110097000	110106000	6	gain
1	117951000	118050000	1	loss
1	121131000	121137000	6	gain
1	133275000	133293000	4	gain
1	149928000	149988000	3	gain
1	153288000	153300000	4	gain
1	170892000	170913000	7	gain
1	171333000	171351000	5	gain
1	171351000	171411000	11	gain
1	173481000	173514000	0	loss
1	173586000	173739000	1	loss
1	173739000	173766000	4	gain
1	173766000	173793000	3	gain
1	173793000	173799000	1	loss
1	173799000	173811000	5	gain
1	177684000	177720000	6	gain
1	177720000	177735000	3	gain
1	177735000	177744000	8	gain
1	177756000	177885000	6	gain
1	177885000	177990000	3	gain
10	3195000	3204000	5	gain
10	3690000	3693000	5	gain
10	5340000	5346000	4	gain
10	9363000	9366000	14	gain
10	10461000	10467000	4	gain
10	11463000	11499000	1	loss
10	15213000	15219000	4	gain
10	19146000	19149000	6	gain
10	22026000	22038000	6	gain
10	22038000	22050000	3	gain
10	22050000	22092000	4	gain
10	22155000	22173000	4	gain
10	22173000	22305000	3	gain
10	23346000	23364000	3	gain
10	23685000	23688000	7	gain
10	25812000	25818000	5	gain
10	29496000	29502000	4	gain
10	32226000	32235000	0	loss
10	32376000	32382000	4	gain
10	32691000	32697000	18	gain
10	33435000	33450000	1	loss
10	33450000	33453000	5	gain
10	35226000	35235000	3	gain
10	35553000	35559000	6	gain
10	38808000	38832000	3	gain
10	42252000	42258000	5	gain
10	43683000	43689000	4	gain
10	43836000	43839000	6	gain
10	44784000	44787000	5	gain
10	45393000	45399000	4	gain
10	46458000	46464000	5	gain
10	46788000	46794000	5	gain
10	47439000	47451000	0	loss
10	47541000	47544000	5	gain
10	47772000	47787000	1	loss
10	50910000	50916000	5	gain
10	51099000	51105000	4	gain
10	51375000	51390000	0	loss
10	52404000	52407000	8	gain
10	55908000	55914000	5	gain
10	56124000	56130000	6	gain
10	56163000	56169000	5	gain
10	57015000	57021000	5	gain
10	57555000	57561000	5	gain
10	57987000	58077000	4	gain
10	58596000	58602000	5	gain
10	58863000	58869000	5	gain
10	59697000	59700000	280	gain
10	60279000	60282000	10	gain
10	63498000	63504000	4	gain
10	63609000	63615000	5	gain
10	64038000	64044000	4	gain
10	67944000	67947000	22	gain
10	70719000	70725000	4	gain
10	71655000	71661000	4	gain
10	72132000	72135000	103	gain
10	73947000	73950000	5	gain
10	79140000	79182000	0	loss
10	81498000	81804000	1	loss
10	81804000	81807000	5	gain
10	82224000	82233000	4	gain
10	85695000	85698000	5	gain
10	88722000	88725000	5	gain
10	92889000	92898000	5	gain
10	93213000	93216000	5	gain
10	95913000	95916000	26	gain
10	96942000	96945000	5	gain
10	98175000	98178000	6	gain
10	99174000	99183000	4	gain
10	100125000	100161000	0	loss
10	101403000	101409000	4	gain
10	106227000	106239000	4	gain
10	107682000	107688000	5	gain
10	110199000	110205000	4	gain
10	112359000	112362000	6	gain
10	113049000	113052000	7	gain
10	116712000	116718000	4	gain
10	118059000	118113000	1	loss
10	118161000	118191000	0	loss
10	118746000	118752000	5	gain
10	118902000	118905000	9	gain
10	121542000	121548000	6	gain
10	121599000	121602000	34	gain
10	121893000	121905000	4	gain
10	123327000	123333000	5	gain
11	0	3135000	10	gain
11	3135000	3150000	94	gain
11	5487000	5493000	52	gain
11	5979000	5982000	13	gain
11	10479000	10485000	4	gain
11	11562000	11568000	5	gain
11	18573000	18579000	5	gain
11	22923000	22926000	6	gain
11	24825000	24831000	4	gain
11	25509000	25512000	5	gain
11	27330000	27336000	5	gain
11	27795000	27870000	1	loss
11	30663000	30666000	54	gain
11	31545000	31551000	4	gain
11	31872000	31875000	8	gain
11	33963000	33969000	4	gain
11	34515000	34518000	6	gain
11	34518000	34542000	3	gain
11	34563000	34572000	15	gain
11	37719000	37722000	6	gain
11	38793000	38799000	4	gain
11	40122000	40128000	4	gain
11	40731000	40737000	5	gain
11	43194000	43200000	4	gain
11	46491000	46494000	5	gain
11	47316000	47325000	5	gain
11	48360000	48366000	5	gain
11	48840000	48957000	1	loss
11	49656000	49662000	7	gain
11	50907000	50943000	3	gain
11	56067000	56073000	4	gain
11	56625000	56631000	4	gain
11	57066000	57069000	9	gain
11	58359000	58368000	4	gain
11	60519000	60531000	5	gain
11	60558000	60579000	3	gain
11	62844000	62847000	19	gain
11	62859000	62865000	5	gain
11	63690000	63696000	4	gain
11	66549000	66552000	6	gain
11	66744000	66747000	22	gain
11	70986000	71064000	3	gain
11	71064000	71205000	1	loss
11	71268000	71274000	5	gain
11	73083000	73086000	16	gain
11	73488000	73506000	3	gain
11	73506000	73509000	6	gain
11	74193000	74205000	4	gain
11	74775000	74778000	7	gain
11	77934000	77937000	14	gain
11	78546000	78549000	6	gain
11	81321000	81327000	5	gain
11	82890000	82914000	0	loss
11	83016000	83064000	1	loss
11	83568000	83586000	0	loss
11	86067000	86076000	4	gain
11	86853000	86856000	37	gain
11	87405000	87408000	10	gain
11	88779000	88788000	5	gain
11	88971000	88974000	7	gain
11	89445000	89451000	5	gain
11	94215000	94218000	10	gain
11	94461000	94464000	6	gain
11	97194000	97197000	40	gain
11	98628000	98631000	10	gain
11	99261000	99264000	9	gain
11	99585000	99630000	4	gain
11	99717000	99723000	4	gain
11	99774000	99777000	6	gain
11	105957000	105960000	6	gain
11	106113000	106116000	5	gain
11	108003000	108006000	20	gain
11	108900000	108903000	31	gain
11	111072000	111081000	4	gain
11	113802000	113808000	6	gain
11	115530000	115533000	7	gain
11	115563000	115566000	6	gain
11	115644000	115653000	5	gain
11	116634000	116661000	6	gain
11	118275000	118278000	6	gain
12	3159000	3162000	6617	gain
12	18267000	18999000	4	gain
12	19209000	19365000	4	gain
12	20286000	20370000	6	gain
12	21726000	22065000	1	loss
12	22065000	22116000	3	gain
12	23103000	23283000	3	gain
12	23805000	23838000	5	gain
12	24138000	24408000	1	loss
12	43428000	43686000	3	gain
12	55137000	55299000	1	loss
12	87819000	87855000	4	gain
12	87975000	88077000	1	loss
12	88077000	88155000	3	gain
12	88155000	88266000	5	gain
12	103704000	103926000	1	loss
12	112743000	112749000	10	gain
12	113589000	113664000	1	loss
12	113892000	114015000	1	loss
12	114084000	114111000	5	gain
12	114642000	114765000	4	gain
12	114765000	114813000	6	gain
12	115140000	115170000	4	gain
12	115170000	115257000	0	loss
12	115320000	115458000	1	loss
12	115458000	115596000	3	gain
12	115767000	115833000	4	gain
13	5142000	5148000	4	gain
13	9060000	9063000	16	gain
13	12888000	13155000	1	loss
13	14964000	14967000	6	gain
13	19116000	19122000	13	gain
13	23079000	23166000	1	loss
13	24996000	24999000	19	gain
13	33450000	33618000	1	loss
13	33816000	33858000	4	gain
13	34044000	34053000	5	gain
13	38565000	38568000	5	gain
13	45021000	45024000	10	gain
13	45552000	45555000	9	gain
13	49899000	49902000	6	gain
13	50952000	51045000	3	gain
13	58323000	58326000	56	gain
13	61785000	61878000	0	loss
13	61878000	61965000	1	loss
13	62010000	62226000	0	loss
13	62226000	62229000	5	gain
13	62241000	62274000	6	gain
13	62274000	62319000	3	gain
13	62319000	62337000	4	gain
13	62535000	62730000	3	gain
13	62862000	62871000	14	gain
13	64974000	64983000	10	gain
13	65481000	65616000	3	gain
13	65616000	65643000	6	gain
13	65643000	65655000	3	gain
13	65655000	65691000	8	gain
13	65745000	65766000	4	gain
13	65766000	65781000	6	gain
13	65781000	65793000	3	gain
13	65793000	65811000	8	gain
13	65811000	65826000	3	gain
13	65826000	65916000	5	gain
13	65916000	65943000	3	gain
13	65943000	65961000	5	gain
13	66003000	66078000	3	gain
13	66078000	66099000	5	gain
13	66114000	66156000	5	gain
13	66162000	66198000	5	gain
13	66261000	66273000	6	gain
13	66273000	66318000	3	gain
13	66318000	66336000	5	gain
13	66336000	66372000	3	gain
13	66372000	66378000	7	gain
13	66378000	66399000	3	gain
13	66417000	66420000	8	gain
13	66420000	66438000	3	gain
13	66438000	66450000	6	gain
13	66534000	66567000	4	gain
13	66567000	66579000	3	gain
13	66579000	66597000	7	gain
13	66597000	66606000	3	gain
13	66606000	66624000	5	gain
13	66678000	66735000	1	loss
13	66735000	66741000	4	gain
13	66741000	66762000	1	loss
13	66762000	66885000	7	gain
13	66885000	66903000	3	gain
13	66903000	66924000	6	gain
13	66924000	66939000	3	gain
13	66939000	66948000	9	gain
13	66993000	67008000	4	gain
13	68034000	68040000	7	gain
13	68142000	68244000	3	gain
13	68244000	68301000	1	loss
13	68301000	68337000	3	gain
13	68337000	68382000	1	loss
13	74676000	74679000	12	gain
13	75615000	75618000	6	gain
13	77586000	77589000	40	gain
13	85272000	85278000	27	gain
13	85806000	85842000	0	loss
13	93357000	93360000	6	gain
13	100407000	100488000	0	loss
13	106746000	106806000	1	loss
13	111867000	111876000	4	gain
13	119124000	119139000	0	loss
13	120429000	120432000	12	gain
13	120432000	120489000	1	loss
13	120489000	120498000	17	gain
13	120552000	120558000	14	gain
14	14778000	14916000	1	loss
14	14916000	14928000	5	gain
14	14928000	15636000	1	loss
14	15636000	15660000	4	gain
14	15660000	15966000	1	loss
14	15966000	16038000	5	gain
14	16038000	16260000	1	loss
14	16260000	16272000	4	gain
14	16272000	16491000	1	loss
14	16491000	16506000	4	gain
14	16506000	16551000	1	loss
14	16551000	16557000	6	gain
14	16557000	16563000	1	loss
14	16563000	16569000	10	gain
14	16569000	17610000	1	loss
14	17610000	17637000	3	gain
14	17637000	17670000	6	gain
14	17670000	18057000	1	loss
14	18057000	18111000	8	gain
14	18111000	18177000	1	loss
14	18177000	18201000	7	gain
14	18201000	19584000	1	loss
14	41031000	41175000	1	loss
14	41175000	41340000	3	gain
14	41340000	41358000	5	gain
14	41763000	41955000	1	loss
14	42042000	42546000	1	loss
14	42939000	42945000	6	gain
14	43170000	43209000	4	gain
14	43806000	43818000	5	gain
14	43917000	44364000	1	loss
14	44364000	44958000	0	loss
14	53616000	53712000	1	loss
14	53712000	53823000	3	gain
14	53823000	53919000	1	loss
14	56157000	56205000	4	gain
14	69492000	69930000	1	loss
14	90531000	90540000	10	gain
15	3165000	3180000	5	gain
15	4443000	4446000	11	gain
15	6711000	6714000	7	gain
15	9219000	9225000	6	gain
15	13113000	13116000	5	gain
15	14523000	14526000	6	gain
15	21654000	21657000	7	gain
15	27708000	27711000	6	gain
15	33831000	33840000	12	gain
15	36132000	36138000	4	gain
15	43152000	43158000	4	gain
15	49188000	49191000	5	gain
15	55896000	55902000	5	gain
15	58308000	58314000	5	gain
15	62892000	62907000	1	loss
15	63696000	63702000	5	gain
15	63720000	63792000	1	loss
15	63987000	63990000	9	gain
15	66450000	66453000	6	gain
15	70527000	70566000	3	gain
15	73356000	73359000	5	gain
15	74955000	74961000	37	gain
15	75168000	75177000	4	gain
15	75177000	75204000	6	gain
15	75210000	75225000	6	gain
15	76122000	76125000	6	gain
15	76689000	76692000	7	gain
15	76779000	76782000	15	gain
15	77235000	77238000	5	gain
15	77331000	77358000	1	loss
15	77541000	77580000	3	gain
15	85059000	85062000	5	gain
15	86181000	86184000	8	gain
15	91011000	91029000	1	loss
15	91791000	91809000	5	gain
15	92601000	92604000	7	gain
15	93504000	93507000	5	gain
15	98205000	98217000	3	gain
15	99633000	99636000	79	gain
15	100224000	100275000	1	loss
15	103551000	103659000	1	loss
15	103659000	103668000	3	gain
15	103668000	103710000	1	loss
15	103710000	103713000	4	gain
16	3267000	3309000	3	gain
16	3309000	3315000	7	gain
16	3363000	3366000	9	gain
16	3861000	3864000	17	gain
16	10791000	10794000	51	gain
16	10959000	10962000	5	gain
16	12918000	12924000	4	gain
16	14502000	14505000	5	gain
16	15144000	15198000	3	gain
16	15198000	15201000	10	gain
16	17040000	17043000	7	gain
16	18870000	18885000	8	gain
16	18885000	18888000	3	gain
16	18888000	18900000	1	loss
16	18915000	18927000	4	gain
16	18927000	18939000	1	loss
16	18966000	19017000	3	gain
16	19017000	19020000	6	gain
16	19020000	19038000	4	gain
16	19053000	19083000	4	gain
16	22587000	22590000	5	gain
16	26313000	26319000	10	gain
16	29322000	29325000	5	gain
16	36078000	36111000	1	loss
16	36237000	36255000	4	gain
16	38871000	38874000	8	gain
16	42996000	42999000	13	gain
16	43002000	43005000	10	gain
16	43587000	43590000	6	gain
16	43965000	43968000	7	gain
16	44622000	44634000	4	gain
16	44658000	44688000	1	loss
16	46470000	46473000	6	gain
16	53787000	53790000	5	gain
16	56142000	56157000	0	loss
16	56337000	56340000	5	gain
16	57210000	57213000	27	gain
16	59031000	59085000	1	loss
16	59181000	59184000	6	gain
16	63138000	63141000	6	gain
16	63651000	63657000	4	gain
16	69018000	69039000	1	loss
16	69486000	69504000	1	loss
16	71580000	71592000	4	gain
16	74571000	74577000	5	gain
16	76356000	76359000	6	gain
16	76914000	76920000	4	gain
16	79794000	79806000	0	loss
16	81876000	81897000	1	loss
16	83196000	83199000	4	gain
16	86616000	86619000	7	gain
16	87819000	87822000	8	gain
16	90138000	90147000	4	gain
16	90558000	90561000	6	gain
16	91137000	91140000	5	gain
16	91329000	91332000	11	gain
16	93483000	93486000	67	gain
16	94611000	94614000	6	gain
16	97770000	97776000	4	gain
17	6276000	6378000	4	gain
17	6684000	6765000	3	gain
17	6924000	6987000	3	gain
17	7188000	7194000	6	gain
17	15183000	15276000	3	gain
17	17214000	17259000	4	gain
17	17259000	17310000	6	gain
17	17310000	17346000	3	gain
17	17346000	17382000	5	gain
17	17421000	17439000	4	gain
17	18345000	18390000	1	loss
17	19170000	19620000	1	loss
17	22752000	22884000	4	gain
17	23148000	23373000	1	loss
17	23508000	23517000	6	gain
17	23517000	23583000	3	gain
17	23649000	23661000	7	gain
17	23661000	23694000	3	gain
17	23694000	23700000	8	gain
17	23730000	23742000	15	gain
17	30588000	31107000	3	gain
17	31440000	31500000	4	gain
17	33387000	33417000	5	gain
17	34176000	34191000	5	gain
17	35517000	35601000	3	gain
17	35601000	35775000	1	loss
17	36387000	36498000	1	loss
17	37044000	37074000	0	loss
17	38793000	38937000	4	gain
17	38937000	38973000	3	gain
17	40152000	40161000	119	gain
17	40230000	40488000	1	loss
17	40575000	40641000	4	gain
17	48432000	48474000	3	gain
18	3111000	3114000	5	gain
18	3114000	3120000	14	gain
18	3120000	3150000	3	gain
18	4194000	4200000	14	gain
18	4221000	4230000	4	gain
18	4914000	4917000	6	gain
18	6243000	6246000	4	gain
18	6861000	6870000	3	gain
18	7320000	7323000	6	gain
18	8847000	8853000	4	gain
18	12963000	12966000	6	gain
18	13119000	13122000	5	gain
18	13380000	13383000	4	gain
18	18870000	18891000	1	loss
18	20748000	20763000	10	gain
18	21921000	21930000	1	loss
18	22578000	22581000	6	gain
18	24666000	24672000	4	gain
18	24810000	24813000	5	gain
18	27132000	27138000	5	gain
18	27267000	27273000	0	loss
18	28473000	28479000	0	loss
18	32904000	32916000	1	loss
18	42690000	42693000	6	gain
18	48774000	48777000	5	gain
18	49281000	49287000	0	loss
18	51099000	51138000	1	loss
18	53649000	53652000	4	gain
18	56070000	56073000	5	gain
18	60456000	60483000	1	loss
18	60498000	60513000	3	gain
18	60576000	60585000	4	gain
18	68544000	68547000	4	gain
18	68547000	68550000	7	gain
18	73665000	73668000	10	gain
18	76401000	76404000	4	gain
18	81255000	81258000	5	gain
18	82203000	82239000	0	loss
18	85056000	85071000	1	loss
18	85716000	85719000	4	gain
18	86124000	86130000	0	loss
18	87795000	87849000	1	loss
18	87945000	87981000	1	loss
18	90558000	90561000	4	gain
19	0	3117000	3	gain
19	3117000	3123000	6	gain
19	3147000	3153000	5	gain
19	3153000	3162000	4	gain
19	3162000	3168000	9	gain
19	5712000	5715000	5	gain
19	7584000	7635000	3	gain
19	8121000	8394000	1	loss
19	9150000	9381000	0	loss
19	9528000	9531000	4	gain
19	9693000	9705000	0	loss
19	9717000	9747000	3	gain
19	9780000	9807000	0	loss
19	9807000	9813000	5	gain
19	9816000	9831000	0	loss
19	11061000	11070000	0	loss
19	11403000	11436000	0	loss
19	12114000	12273000	1	loss
19	12843000	12864000	1	loss
19	13116000	13122000	4	gain
19	13923000	13929000	0	loss
19	23334000	23337000	6	gain
19	27072000	27075000	24	gain
19	30267000	30270000	14	gain
19	33438000	33570000	3	gain
19	33654000	33747000	1	loss
19	34290000	34329000	3	gain
19	34563000	34578000	3	gain
19	39105000	39174000	1	loss
19	39729000	39795000	3	gain
19	40494000	40500000	9	gain
19	46944000	46947000	22	gain
19	47814000	47817000	5	gain
19	51855000	51978000	1	loss
19	53031000	53034000	6	gain
19	54495000	54498000	5	gain
19	56889000	56892000	205	gain
19	58101000	58104000	205	gain
19	60396000	60399000	5	gain
2	5382000	5385000	8	gain
2	20199000	20202000	15	gain
2	22476000	22482000	353	gain
2	37866000	37869000	6	gain
2	39129000	39132000	6	gain
2	39249000	39258000	5	gain
2	43341000	43344000	18	gain
2	67728000	67794000	1	loss
2	69702000	69705000	10	gain
2	69903000	69909000	5	gain
2	70611000	70614000	7	gain
2	72843000	72846000	7	gain
2	74823000	74826000	6	gain
2	89037000	89076000	0	loss
2	90015000	90075000	1	loss
2	90141000	90231000	1	loss
2	92004000	92007000	7	gain
2	97488000	97500000	4	gain
2	98490000	98499000	11803	gain
2	100281000	100608000	1	loss
2	107424000	107433000	6	gain
2	111207000	111288000	3	gain
2	113721000	113724000	8	gain
2	116376000	116394000	4	gain
2	128949000	128952000	14	gain
2	141483000	141486000	7	gain
2	144075000	144081000	5	gain
2	148593000	148596000	8	gain
2	148983000	149013000	4	gain
2	149034000	149103000	4	gain
2	149907000	149934000	1	loss
2	151014000	151026000	4	gain
2	156201000	156204000	8	gain
2	156735000	156738000	6	gain
2	162279000	162282000	6	gain
2	167253000	167256000	6	gain
2	174804000	174942000	4	gain
2	174975000	175023000	5	gain
2	175131000	175578000	0	loss
2	175677000	175773000	0	loss
2	175854000	176733000	1	loss
2	176763000	176769000	7	gain
2	176769000	176916000	1	loss
2	176916000	176925000	4	gain
2	177006000	177015000	5	gain
2	177015000	177084000	1	loss
2	177084000	177195000	3	gain
2	177195000	177234000	7	gain
2	177378000	177405000	4	gain
2	177483000	177525000	1	loss
2	177696000	177711000	4	gain
2	180933000	180936000	10	gain
2	181557000	181560000	8	gain
3	0	3099000	25	gain
3	3099000	3108000	5	gain
3	3114000	3123000	7	gain
3	3189000	3204000	5	gain
3	3267000	3300000	4	gain
3	5112000	5115000	17	gain
3	5925000	5928000	25	gain
3	7962000	7965000	7	gain
3	8310000	8313000	7	gain
3	9924000	9927000	6	gain
3	15447000	15540000	1	loss
3	15540000	15705000	3	gain
3	15705000	15834000	1	loss
3	20175000	20178000	11	gain
3	34905000	34908000	6	gain
3	56481000	56484000	40	gain
3	64413000	64563000	1	loss
3	74166000	74181000	0	loss
3	77505000	77508000	10	gain
3	91077000	91314000	1	loss
3	92091000	92094000	6	gain
3	93192000	93201000	5	gain
3	93609000	93660000	1	loss
3	93660000	93747000	4	gain
3	93993000	94122000	1	loss
3	94122000	94152000	3	gain
3	95949000	95955000	8	gain
3	97317000	97326000	5	gain
3	98361000	98481000	1	loss
3	99888000	99891000	7	gain
3	106032000	106218000	5	gain
3	106269000	106281000	5	gain
3	116049000	116052000	7	gain
3	117171000	117180000	5	gain
3	133509000	133512000	7	gain
3	133512000	133536000	0	loss
3	137139000	137163000	0	loss
3	139824000	139833000	5	gain
3	142293000	142326000	4	gain
3	145707000	145710000	17	gain
3	148758000	148761000	11	gain
4	0	3162000	3	gain
4	3162000	3243000	4	gain
4	15912000	15918000	11	gain
4	16587000	16677000	3	gain
4	41802000	41901000	3	gain
4	49344000	49398000	5	gain
4	53802000	53808000	7	gain
4	54711000	54714000	97	gain
4	59979000	60000000	0	loss
4	60000000	60126000	3	gain
4	60126000	60324000	1	loss
4	60324000	60447000	3	gain
4	60447000	61395000	1	loss
4	61875000	61953000	0	loss
4	70296000	70299000	66	gain
4	73788000	73836000	1	loss
4	80862000	81078000	3	gain
4	111915000	112467000	0	loss
4	112647000	113091000	1	loss
4	113091000	113238000	0	loss
4	113238000	113511000	1	loss
4	113511000	113691000	3	gain
4	113691000	113727000	1	loss
4	113727000	113805000	4	gain
4	115245000	115317000	0	loss
4	121251000	121641000	1	loss
4	121641000	121644000	8	gain
4	121644000	122436000	0	loss
4	143238000	143322000	1	loss
4	143409000	143547000	4	gain
4	143595000	143643000	4	gain
4	143790000	143850000	1	loss
4	145128000	145254000	5	gain
4	145254000	145323000	8	gain
4	145323000	145404000	3	gain
4	145404000	145434000	5	gain
4	146007000	146085000	3	gain
4	146085000	146148000	5	gain
4	146427000	146445000	5	gain
4	146445000	146466000	3	gain
4	146466000	146622000	5	gain
4	146985000	147021000	5	gain
4	147102000	147216000	5	gain
4	147414000	147591000	3	gain
4	147591000	147699000	5	gain
4	147699000	147864000	3	gain
4	147864000	147897000	5	gain
4	156378000	156408000	6	gain
4	156408000	156507000	1	loss
4	156507000	156522000	5	gain
4	156522000	156860686	1	loss
5	10920000	11436000	1	loss
5	11475000	11898000	1	loss
5	11898000	11928000	4	gain
5	11928000	11970000	6	gain
5	14955000	15015000	8	gain
5	15021000	15048000	7	gain
5	15054000	15060000	15	gain
5	15060000	15069000	3	gain
5	15069000	15645000	7	gain
5	15645000	15651000	3	gain
5	15651000	15762000	8	gain
5	15762000	15780000	4	gain
5	15780000	15870000	7	gain
5	15876000	15921000	7	gain
5	26121000	26169000	5	gain
5	26169000	26184000	3	gain
5	26184000	26328000	5	gain
5	26463000	26475000	5	gain
5	32655000	32706000	3	gain
5	81525000	81531000	5	gain
5	88362000	88389000	4	gain
5	88389000	88461000	0	loss
5	90678000	90681000	12	gain
5	93975000	94002000	4	gain
5	94002000	95955000	0	loss
5	104220000	104223000	16	gain
5	104757000	104937000	1	loss
5	105330000	105420000	1	loss
5	106950000	106953000	15	gain
5	108960000	109134000	0	loss
5	109134000	109287000	1	loss
5	110049000	110052000	7	gain
5	110052000	110172000	3	gain
5	115059000	115062000	21	gain
5	124047000	124050000	19	gain
5	124551000	124554000	13	gain
5	137010000	137013000	45	gain
5	140220000	140223000	17	gain
5	145335000	145494000	1	loss
5	145494000	145542000	4	gain
5	145542000	145551000	6	gain
5	145560000	145629000	6	gain
5	145695000	145704000	6	gain
5	146196000	146199000	20	gain
6	0	3201000	3	gain
6	3201000	3204000	7	gain
6	23157000	23169000	6	gain
6	26496000	26529000	0	loss
6	29745000	29751000	7	gain
6	40908000	41046000	3	gain
6	41046000	41208000	1	loss
6	41334000	41445000	1	loss
6	43053000	43062000	4	gain
6	47103000	47145000	1	loss
6	47625000	47745000	8	gain
6	60024000	60411000	0	loss
6	60411000	60471000	3	gain
6	64131000	64137000	5	gain
6	64629000	64638000	5	gain
6	66594000	66627000	0	loss
6	67653000	67710000	4	gain
6	68004000	68019000	0	loss
6	68094000	68100000	6	gain
6	68100000	68121000	1	loss
6	68121000	68133000	6	gain
6	68133000	68187000	1	loss
6	68187000	68199000	7	gain
6	68199000	68214000	0	loss
6	68214000	68220000	7	gain
6	68220000	68229000	3	gain
6	68229000	68250000	6	gain
6	68268000	68280000	6	gain
6	68664000	68712000	0	loss
6	69021000	69030000	4	gain
6	69087000	69168000	0	loss
6	69168000	69312000	1	loss
6	69405000	69417000	4	gain
6	69417000	69672000	1	loss
6	69780000	69801000	5	gain
6	70056000	70392000	1	loss
6	70458000	70557000	1	loss
6	70557000	70590000	3	gain
6	78453000	78498000	0	loss
6	79605000	79611000	7	gain
6	85647000	85788000	1	loss
6	90795000	90798000	7	gain
6	103626000	103629000	8097	gain
6	114474000	114528000	4	gain
6	114528000	114543000	7	gain
6	114543000	114609000	3	gain
6	121626000	121632000	5	gain
6	123876000	123918000	0	loss
6	123975000	124002000	0	loss
6	128820000	128832000	5	gain
6	130020000	130059000	4	gain
6	130086000	130101000	4	gain
6	130164000	130197000	5	gain
6	130536000	130569000	3	gain
6	130569000	130608000	5	gain
6	130608000	130662000	4	gain
6	130662000	130668000	1	loss
6	130668000	130689000	3	gain
6	130758000	130776000	3	gain
6	130776000	130818000	1	loss
6	130818000	130890000	3	gain
6	130890000	130953000	6	gain
6	130953000	130998000	4	gain
6	131472000	131523000	0	loss
6	132438000	132441000	6	gain
6	133182000	133263000	0	loss
6	133263000	133419000	4	gain
6	133419000	133503000	5	gain
6	133734000	133764000	0	loss
6	135441000	135444000	7	gain
6	136977000	136983000	7	gain
6	142113000	142119000	5	gain
7	3720000	3915000	1	loss
7	5658000	5832000	1	loss
7	7377000	9069000	0	loss
7	9069000	9687000	1	loss
7	10683000	11292000	1	loss
7	11742000	11757000	8	gain
7	12366000	12405000	0	loss
7	14460000	14502000	4	gain
7	14502000	14625000	6	gain
7	14625000	14760000	4	gain
7	14760000	14820000	0	loss
7	14820000	15003000	3	gain
7	15003000	15171000	8	gain
7	15207000	15243000	4	gain
7	15243000	15327000	9	gain
7	15351000	15414000	5	gain
7	15414000	15420000	1	loss
7	15420000	15465000	7	gain
7	15474000	15522000	10	gain
7	16959000	17328000	0	loss
7	19818000	20976000	1	loss
7	20976000	21009000	4	gain
7	21162000	23022000	1	loss
7	23022000	23061000	3	gain
7	23400000	23520000	4	gain
7	29838000	29865000	4	gain
7	31353000	32985000	1	loss
7	37977000	38172000	4	gain
7	38541000	38571000	4	gain
7	38769000	38838000	3	gain
7	38838000	38874000	5	gain
7	40827000	40959000	5	gain
7	42600000	42606000	11	gain
7	47094000	47307000	1	loss
7	47307000	47322000	4	gain
7	47322000	47337000	0	loss
7	47337000	47415000	3	gain
7	47490000	47616000	0	loss
7	63723000	63741000	45	gain
7	82914000	82923000	5	gain
7	85386000	85473000	0	loss
7	85689000	85749000	0	loss
7	104418000	104424000	10	gain
7	105480000	105909000	1	loss
7	130659000	130683000	4	gain
7	143190000	143229000	5	gain
8	19320000	19488000	3	gain
8	19488000	19539000	6	gain
8	19731000	21327000	25	gain
8	21327000	21330000	1	loss
8	21330000	21339000	6	gain
8	21549000	21576000	0	loss
8	21576000	21588000	4	gain
8	21588000	22212000	1	loss
8	22212000	22245000	3	gain
8	55566000	55830000	11	gain
8	55830000	56091000	3	gain
8	69987000	70005000	5	gain
8	72582000	72615000	5	gain
8	124326000	124350000	4	gain
9	0	3054000	1130	gain
9	3054000	3063000	1	loss
9	3063000	3072000	6	gain
9	3258000	3261000	6	gain
9	3300000	3318000	15	gain
9	7371000	7383000	4	gain
9	8841000	8865000	4	gain
9	9396000	9399000	22	gain
9	11115000	11139000	0	loss
9	12021000	12027000	4	gain
9	15744000	15753000	0	loss
9	22101000	22104000	7	gain
9	24453000	24456000	338	gain
9	30552000	30561000	5	gain
9	32265000	32268000	13	gain
9	33063000	33075000	7	gain
9	35214000	35217000	2708	gain
9	38796000	38835000	0	loss
9	39108000	39120000	0	loss
9	39216000	39225000	0	loss
9	39345000	39390000	1	loss
9	41817000	41823000	6	gain
9	48432000	48435000	8	gain
9	51024000	51027000	118	gain
9	62346000	62349000	5	gain
9	72999000	73002000	9	gain
9	78138000	78198000	1	loss
9	83817000	83823000	5	gain
9	88467000	88512000	3	gain
9	88512000	88521000	5	gain
9	88521000	88587000	3	gain
9	88587000	88593000	5	gain
9	88593000	88692000	3	gain
9	88692000	88701000	1	loss
9	88701000	88719000	5	gain
9	88719000	88728000	4	gain
9	88788000	88812000	1	loss
9	88812000	88848000	3	gain
9	88848000	88872000	4	gain
9	88872000	88878000	6	gain
9	88878000	88959000	3	gain
9	88959000	88977000	5	gain
9	88977000	88995000	3	gain
9	88995000	89028000	5	gain
9	89028000	89091000	3	gain
9	102069000	102072000	8	gain
9	107919000	107922000	5	gain
9	109131000	109206000	1	loss
9	110109000	110112000	7	gain
9	113712000	113754000	3	gain
9	114513000	114516000	15	gain
9	114909000	114915000	5	gain
9	121050000	121068000	1	loss
9	121233000	121242000	6	gain
9	123288000	123294000	8	gain
9	123933000	124017000	1	loss
9	124017000	124020000	7	gain
9	124158000	124197000	3	gain
X	0	3252000	6	gain
X	3252000	3483000	4	gain
X	3483000	3507000	0	loss
X	3507000	3837000	6	gain
X	3837000	4359000	5	gain
X	4431000	4461000	6	gain
X	4461000	4596000	2	gain
X	4596000	5232000	5	gain
X	5232000	5304000	2	gain
X	23976000	24726000	0	loss
X	25167000	27108000	0	loss
X	27108000	27129000	4	gain
X	29121000	29451000	0	loss
X	29451000	30768000	2	gain
X	30768000	30885000	14	gain
X	30885000	31065000	4	gain
X	31065000	31227000	2	gain
X	31227000	31377000	3	gain
X	31626000	31677000	4	gain
X	31677000	31785000	3	gain
X	31785000	31941000	5	gain
X	31941000	32100000	3	gain
X	32271000	32487000	4	gain
X	32487000	32568000	8	gain
X	32724000	33006000	4	gain
X	33006000	33639000	5	gain
X	33639000	33969000	4	gain
X	33969000	34581000	2	gain
X	34581000	34599000	5	gain
X	34599000	34740000	2	gain
X	122016000	122550000	2	gain
X	122550000	122583000	4	gain
X	122583000	122979000	2	gain
X	122979000	124989000	0	loss
X	148398000	148734000	2	gain
X	152847000	152865000	11	gain
X	168750000	169254000	7	gain
X	169254000	169476592	8	gain
Y	0	258000	3	gain
Y	258000	288000	7	gain
Y	288000	363000	3	gain
Y	2775000	2784000	5	gain
Y	2874000	2883000	5	gain
Y	4083000	4149000	0	loss
Y	4149000	4155000	8	gain
Y	5928000	7749000	0	loss
Y	10119000	10317000	3	gain
Y	10317000	10725000	6	gain
Y	10725000	10773000	4	gain
Y	10773000	10926000	2	gain
Y	15456000	15612000	2	gain
Y	35109000	35577000	2	gain
Y	36123000	38955000	2	gain
Y	43722000	43893000	2	gain
Y	82944000	83502000	2	gain
Y	87177000	87402000	3	gain
Y	88473000	88527000	2	gain
Y	89136000	89145000	6	gain
Y	90672000	90702000	4	gain
Y	90729000	91455967	11	gain
