1	24649424	24655403	470	gain
1	84931695	85292428	6	gain
1	85292428	85581413	7	gain
1	88138432	88240075	19	gain
1	170891778	170911708	6	gain
1	171334224	171352161	4	gain
1	171352161	171409958	12	gain
1	173341175	173737782	1	loss
1	173737782	173813516	4	gain
1	177683922	177763642	4	gain
1	177763642	177885215	6	gain
1	177885215	177990844	3	gain
10	3196772	3204744	5	gain
10	5339247	5345226	5	gain
10	10459264	10467236	4	gain
10	11461743	11501603	1	loss
10	11501603	11503596	7	gain
10	15212569	15218548	5	gain
10	19854266	19860245	4	gain
10	22024643	22038594	5	gain
10	22048559	22090412	4	gain
10	22154188	22172125	4	gain
10	22172125	22305656	3	gain
10	25813336	25817322	6	gain
10	29496400	29502379	4	gain
10	32226810	32234782	0	loss
10	32691179	32697158	4	gain
10	33434568	33448519	1	loss
10	33448519	33454498	4	gain
10	33697644	33703623	5	gain
10	35228268	35232254	5	gain
10	35553127	35559106	5	gain
10	37605917	37611896	4	gain
10	38811682	38833605	3	gain
10	42253593	42259572	5	gain
10	43684567	43688553	5	gain
10	45394561	45400540	5	gain
10	46456830	46464802	5	gain
10	46787668	46793647	4	gain
10	47439379	47451337	0	loss
10	47541022	47545008	5	gain
10	47772210	47788154	1	loss
10	50911185	50917164	5	gain
10	51375554	51389505	0	loss
10	52403942	52407928	6	gain
10	52637123	52641109	5	gain
10	55907636	55913615	4	gain
10	56124873	56130852	4	gain
10	56162740	56170712	4	gain
10	57013751	57021723	3	gain
10	57553854	57559833	4	gain
10	57986335	58076020	4	gain
10	58596193	58602172	6	gain
10	58863255	58867241	7	gain
10	59696329	59698322	401	gain
10	63498973	63504952	5	gain
10	63610581	63616560	5	gain
10	72132649	72134642	150	gain
10	76355816	76361795	4	gain
10	78639794	78645773	4	gain
10	79140037	79150002	0	loss
10	79150002	79155981	3	gain
10	79155981	79181890	0	loss
10	81497756	81792720	1	loss
10	82225201	82233173	4	gain
10	85693021	85697007	5	gain
10	87931160	87937139	4	gain
10	91167792	91173771	4	gain
10	92889744	92895723	5	gain
10	98173187	98179166	4	gain
10	99173673	99181645	7	gain
10	100126327	100162201	0	loss
10	104329564	104335543	5	gain
10	105915992	105921971	5	gain
10	106226900	106238858	4	gain
10	107681790	107687769	6	gain
10	110200942	110206921	5	gain
10	110683248	110689227	4	gain
10	111330973	111334959	5	gain
10	111889013	111894992	4	gain
10	114872534	114878513	4	gain
10	118061334	118111159	1	loss
10	118160984	118190879	0	loss
10	118744933	118752905	4	gain
10	121541112	121549084	4	gain
10	121893873	121905831	4	gain
10	122071250	122077229	4	gain
10	123326840	123332819	5	gain
11	0	3132996	9	gain
11	3132996	3150933	88	gain
11	5488722	5490715	150	gain
11	5979000	5980993	18	gain
11	10479194	10485173	4	gain
11	11561393	11565379	6	gain
11	18574760	18578746	5	gain
11	22921493	22923486	9	gain
11	25508407	25512393	5	gain
11	27332002	27335988	6	gain
11	27796371	27870112	1	loss
11	30662305	30666291	41	gain
11	31545204	31549190	6	gain
11	31872056	31874049	12	gain
11	33964706	33968692	5	gain
11	34514774	34542676	4	gain
11	34542676	34562606	1	loss
11	34562606	34572571	14	gain
11	37524204	37530183	4	gain
11	37719518	37721511	8	gain
11	38793745	38799724	4	gain
11	40730941	40736920	5	gain
11	43196282	43200268	5	gain
11	44507676	44509669	6	gain
11	45502183	45504176	6	gain
11	46488718	46494697	4	gain
11	47319799	47325778	4	gain
11	48358152	48366124	4	gain
11	48846437	48956052	1	loss
11	49657588	49661574	9	gain
11	50909192	50915171	5	gain
11	50915171	50943073	3	gain
11	56069069	56073055	5	gain
11	56625116	56629102	5	gain
11	57065569	57067562	12	gain
11	58359026	58366998	4	gain
11	60519438	60529403	7	gain
11	60555312	60579228	3	gain
11	62845269	62847262	26	gain
11	62859220	62865199	5	gain
11	63690301	63696280	5	gain
11	66548263	66552249	5	gain
11	66743577	66745570	32	gain
11	70986674	71062408	3	gain
11	71062408	71100275	1	loss
11	71100275	71104261	3	gain
11	71104261	71201918	0	loss
11	71267687	71273666	4	gain
11	73083310	73085303	23	gain
11	73487889	73503833	3	gain
11	73503833	73509812	5	gain
11	74111698	74117677	4	gain
11	74193411	74205369	4	gain
11	74775367	74779353	6	gain
11	77934272	77936265	20	gain
11	77968153	77972139	5	gain
11	78546123	78548116	8	gain
11	81322372	81328351	6	gain
11	82888870	82914779	0	loss
11	83016422	83064254	1	loss
11	83568483	83586420	0	loss
11	86067705	86075677	4	gain
11	86854940	86856933	53	gain
11	87405008	87407001	15	gain
11	88780178	88788150	5	gain
11	88971506	88973499	10	gain
11	89445840	89451819	4	gain
11	94215089	94217082	14	gain
11	94462221	94464214	7	gain
11	97194624	97196617	60	gain
11	98627591	98629584	14	gain
11	99261365	99263358	13	gain
11	99586224	99630070	4	gain
11	99715769	99721748	4	gain
11	99773566	99779545	5	gain
11	102171145	102173138	7	gain
11	104540822	104544808	5	gain
11	105955852	105957845	7	gain
11	106113299	106115292	7	gain
11	107998677	108004656	4	gain
11	108901506	108903499	49	gain
11	109909964	109915943	4	gain
11	113802293	113808272	6	gain
11	115530224	115532217	10	gain
11	115562112	115564105	8	gain
11	115645818	115653790	5	gain
11	116632353	116660255	6	gain
11	118274585	118278571	6	gain
12	18267838	18999269	4	gain
12	19224478	19363988	4	gain
12	19900105	19928007	4	gain
12	20284754	20368460	5	gain
12	21618071	21645973	4	gain
12	21713735	22066496	1	loss
12	22066496	22124293	3	gain
12	23102856	23284219	3	gain
12	23806385	23838273	5	gain
12	24137223	24408271	1	loss
12	43427470	43686560	3	gain
12	55136345	55293792	1	loss
12	87819552	87865391	4	gain
12	87865391	87899272	1	loss
12	87899272	87975006	3	gain
12	87975006	88076649	1	loss
12	88076649	88156369	3	gain
12	88156369	88267977	5	gain
12	103701769	103924985	1	loss
12	112742017	112747996	7	gain
12	113591035	113658797	1	loss
12	113891978	114015544	1	loss
12	114083306	114109215	5	gain
12	114641346	114766905	4	gain
12	114766905	114812744	6	gain
12	115027988	115033967	7	gain
12	115181449	115257183	0	loss
12	115320959	115458476	1	loss
12	115458476	115594000	3	gain
12	115765398	115835153	3	gain
13	12886738	13145828	1	loss
13	19116856	19122835	13	gain
13	23078940	23166632	1	loss
13	33450512	33617924	1	loss
13	33815231	33855091	4	gain
13	50951045	51046709	3	gain
13	58325145	58327138	79	gain
13	61783000	61964363	0	loss
13	61964363	62010202	3	gain
13	62010202	62225446	0	loss
13	62225446	62229432	6	gain
13	62241390	62277264	5	gain
13	62277264	62319117	3	gain
13	62319117	62337054	4	gain
13	62534361	62731668	3	gain
13	62861213	62871178	13	gain
13	64973793	64983758	6	gain
13	65482008	65533826	4	gain
13	65611553	65691273	6	gain
13	65751063	65918475	4	gain
13	65918475	65944384	3	gain
13	65944384	65960328	5	gain
13	66077915	66097845	5	gain
13	66115782	66155642	5	gain
13	66163614	66197495	5	gain
13	66261271	66277215	5	gain
13	66277215	66319068	3	gain
13	66319068	66335012	5	gain
13	66335012	66436655	3	gain
13	66436655	66450606	6	gain
13	66534312	66566200	4	gain
13	66578158	66623997	6	gain
13	66623997	66763507	1	loss
13	66763507	66885080	7	gain
13	66903017	66930919	4	gain
13	66930919	66936898	1	loss
13	66936898	66948856	8	gain
13	68033048	68039027	7	gain
13	68140670	68244306	3	gain
13	74675717	74679703	9	gain
13	85274491	85276484	80	gain
13	85806622	85842496	0	loss
13	100405347	100497025	0	loss
13	106745080	106804870	0	loss
13	120488808	120498773	10	gain
14	14776102	15625120	1	loss
14	15625120	15660994	3	gain
14	15660994	15965923	1	loss
14	15965923	16041657	5	gain
14	16041657	16260887	1	loss
14	16260887	16272845	4	gain
14	16272845	16490082	1	loss
14	16490082	16506026	4	gain
14	16506026	16549872	1	loss
14	16549872	16567809	4	gain
14	16567809	17628085	1	loss
14	17628085	17669938	6	gain
14	17669938	18056580	1	loss
14	18056580	18104412	8	gain
14	18104412	18176160	1	loss
14	18176160	18202069	8	gain
14	18202069	19583218	1	loss
14	41031884	41175380	1	loss
14	41175380	41763315	3	gain
14	41763315	42606354	1	loss
14	42606354	42959115	3	gain
14	42959115	43168380	1	loss
14	43168380	43208240	4	gain
14	43806140	43822084	5	gain
14	43822084	44364180	1	loss
14	44364180	44958094	0	loss
14	53609707	53713343	1	loss
14	53713343	53824951	3	gain
14	53824951	53918622	1	loss
14	56156761	56204593	4	gain
14	69491924	69928391	1	loss
15	3164884	3180828	5	gain
15	3834532	3856455	1	loss
15	4442397	4444390	16	gain
15	4882850	4888829	3	gain
15	5155891	5157884	5	gain
15	6224139	6234104	3	gain
15	6710431	6714417	6	gain
15	9046227	9052206	0	loss
15	9219618	9225597	5	gain
15	9313289	9325247	1	loss
15	12149328	12151321	5	gain
15	12872787	12874780	5	gain
15	13113940	13115933	6	gain
15	13919112	13929077	1	loss
15	14493096	14503061	0	loss
15	14522991	14524984	8	gain
15	16087496	16121377	1	loss
15	19447694	19455666	0	loss
15	21655938	21657931	9	gain
15	22269782	22273768	4	gain
15	23184569	23190548	0	loss
15	23340023	23349988	1	loss
15	24310614	24312607	5	gain
15	25717672	25719665	5	gain
15	27708679	27710672	7	gain
15	29123709	29129688	1	loss
15	30746011	30748004	5	gain
15	33486386	33488379	6	gain
15	33831175	33839147	12	gain
15	34225789	34231768	4	gain
15	36131097	36137076	4	gain
15	37071793	37079765	3	gain
15	41998489	42006461	1	loss
15	43150443	43156422	4	gain
15	44513655	44521627	3	gain
15	44587396	44591382	4	gain
15	49185247	49189233	3	gain
15	49189233	49191226	6	gain
15	49484197	49490176	0	loss
15	54502571	54506557	4	gain
15	55895678	55899664	6	gain
15	55899664	55901657	3	gain
15	56664976	56668962	4	gain
15	57173191	57177177	0	loss
15	58309201	58313187	7	gain
15	61151219	61161184	1	loss
15	62729675	62731668	5	gain
15	62893101	62907052	1	loss
15	63694287	63702259	4	gain
15	63702259	63720196	3	gain
15	63720196	63756070	1	loss
15	63756070	63762049	3	gain
15	63762049	63776000	1	loss
15	63989251	63991244	13	gain
15	64543305	64555263	1	loss
15	64910017	64912010	5	gain
15	65824804	65836762	1	loss
15	66448613	66452599	5	gain
15	66873122	66879101	4	gain
15	68124726	68130705	0	loss
15	68993674	69001646	0	loss
15	69611504	69617483	0	loss
15	70528284	70566151	3	gain
15	74235264	74239250	4	gain
15	74956730	74958723	102	gain
15	75167988	75175960	3	gain
15	75175960	75203862	6	gain
15	75203862	75205855	4	gain
15	75209841	75211834	4	gain
15	75211834	75223792	6	gain
15	75975153	75989104	1	loss
15	76120642	76122635	8	gain
15	76688647	76690640	9	gain
15	76778332	76780325	21	gain
15	77234729	77236722	6	gain
15	77330393	77358295	1	loss
15	77541651	77601441	3	gain
15	79753881	79757867	5	gain
15	82474326	82494256	3	gain
15	84030859	84034845	4	gain
15	85061240	85063233	7	gain
15	86183299	86185292	11	gain
15	88917695	88927660	3	gain
15	90522060	90526046	4	gain
15	91012338	91020310	0	loss
15	91791601	91807545	5	gain
15	91889258	91891251	6	gain
15	92600759	92602752	10	gain
15	93503588	93505581	6	gain
15	95534455	95536448	5	gain
15	96979380	96981373	6	gain
15	98205075	98217033	3	gain
15	99632063	99634056	112	gain
15	100225977	100273809	1	loss
15	101208526	101210519	5	gain
15	101557301	101569259	1	loss
15	103514427	103518413	4	gain
15	103552294	103634007	1	loss
15	103659916	103665895	4	gain
15	103665895	103709741	1	loss
15	103709741	103713727	4	gain
16	3268520	3274499	4	gain
16	3274499	3278485	1	loss
16	3278485	3280478	6	gain
16	3308380	3314359	7	gain
16	3362191	3366177	7	gain
16	3862434	3864427	25	gain
16	5040297	5046276	3	gain
16	8318782	8322768	4	gain
16	8408467	8410460	5	gain
16	10792095	10794088	77	gain
16	10961500	10963493	7	gain
16	12916633	12924605	4	gain
16	12994360	13000339	4	gain
16	14501068	14503061	6	gain
16	15150786	15198618	3	gain
16	15198618	15200611	15	gain
16	15900154	15904140	0	loss
16	16653508	16659487	1	loss
16	17038157	17042143	6	gain
16	17257387	17259380	6	gain
16	18847801	18869724	3	gain
16	18869724	18875703	4	gain
16	18875703	18885668	8	gain
16	18885668	18899619	1	loss
16	18915563	18927521	4	gain
16	18927521	18939479	1	loss
16	18965388	18999269	3	gain
16	19009234	19017206	4	gain
16	19017206	19021192	6	gain
16	19027171	19037136	4	gain
16	19051087	19082975	4	gain
16	20709263	20713249	4	gain
16	20924507	20928493	4	gain
16	22586669	22588662	6	gain
16	22648452	22650445	7	gain
16	26315572	26319558	14	gain
16	29323009	29325002	7	gain
16	32569606	32575585	3	gain
16	33679707	33681700	5	gain
16	35800259	35802252	5	gain
16	36079279	36109174	1	loss
16	36216796	36228754	3	gain
16	36236726	36254663	4	gain
16	38871472	38873465	11	gain
16	42996982	43002961	14	gain
16	43588903	43590896	9	gain
16	43963587	43965580	9	gain
16	44621277	44631242	4	gain
16	44657151	44669109	1	loss
16	44669109	44687046	0	loss
16	46468788	46470781	8	gain
16	53785091	53787084	5	gain
16	53876769	53878762	5	gain
16	56142810	56156761	0	loss
16	56338124	56340117	7	gain
16	56846339	56850325	4	gain
16	57211058	57213051	41	gain
16	59032660	59084478	1	loss
16	59180142	59186121	6	gain
16	63138240	63140233	8	gain
16	63652434	63654427	9	gain
16	65041555	65061485	1	loss
16	68993674	69039513	1	loss
16	69487938	69503882	0	loss
16	71582581	71584574	8	gain
16	71584574	71590553	3	gain
16	74572081	74576067	6	gain
16	76357809	76359802	8	gain
16	76913856	76919835	4	gain
16	78609899	78615878	0	loss
16	79486819	79506749	1	loss
16	79793741	79805699	0	loss
16	81224715	81228701	0	loss
16	81876426	81896356	1	loss
16	82003978	82009957	4	gain
16	83134009	83137995	4	gain
16	83195792	83199778	4	gain
16	83289463	83301421	1	loss
16	86615780	86619766	6	gain
16	86986478	86988471	5	gain
16	87819552	87821545	12	gain
16	90139404	90147376	4	gain
16	90559927	90561920	8	gain
16	91137897	91141883	5	gain
16	91331218	91333211	15	gain
16	93481665	93483658	101	gain
16	94611696	94613689	7	gain
16	97770601	97776580	4	gain
17	6275957	6335747	4	gain
17	6335747	6397530	3	gain
17	6682529	6766235	3	gain
17	6923682	6987458	3	gain
17	7188751	7192737	6	gain
17	15182674	15274352	3	gain
17	17215534	17259380	4	gain
17	17259380	17309205	6	gain
17	17309205	17331128	4	gain
17	17345079	17386932	5	gain
17	17420813	17438750	4	gain
17	18343572	18389411	1	loss
17	19168674	19619092	1	loss
17	19792483	19796469	10	gain
17	22750095	22883626	4	gain
17	23146702	23371911	1	loss
17	23509428	23517400	8	gain
17	23547295	23551281	13	gain
17	23551281	23583169	3	gain
17	23648938	23654917	9	gain
17	23654917	23694777	3	gain
17	23694777	23698763	9	gain
17	23728658	23740616	14	gain
17	24115300	24125265	5	gain
17	30586571	31106744	3	gain
17	31441568	31499365	4	gain
17	33388729	33416631	5	gain
17	34175964	34189915	5	gain
17	34437047	34441033	13	gain
17	34698130	34718060	4	gain
17	34983129	34987115	7	gain
17	35479386	35491344	4	gain
17	35517253	35565085	3	gain
17	35604945	35760399	1	loss
17	36250677	36254663	5	gain
17	36388194	36495816	1	loss
17	36541655	36547634	5	gain
17	37043891	37075779	0	loss
17	38793745	38831612	4	gain
17	38831612	38847556	7	gain
17	38853535	38935248	5	gain
17	38935248	38969129	3	gain
17	39961643	39997517	1	loss
17	40152971	40160943	194	gain
17	40230698	40489788	1	loss
17	40573494	40641256	4	gain
17	48435879	48465774	4	gain
17	48503641	48509620	5	gain
17	69248778	69256750	5	gain
17	75068338	75074317	5	gain
17	81463875	81471847	5	gain
18	3113066	3121038	13	gain
18	4195265	4199251	19	gain
18	4223167	4227153	5	gain
18	4914738	4916731	7	gain
18	6242076	6244069	5	gain
18	6861899	6869871	3	gain
18	7318296	7324275	4	gain
18	7914203	7916196	5	gain
18	8848920	8850913	6	gain
18	9592309	9598288	4	gain
18	12962472	12966458	5	gain
18	13119919	13121912	6	gain
18	13381002	13382995	5	gain
18	13428834	13432820	4	gain
18	15680924	15682917	5	gain
18	18871717	18889654	1	loss
18	20747130	20763074	8	gain
18	21921007	21930972	1	loss
18	22578697	22580690	7	gain
18	24665368	24673340	3	gain
18	24808864	24810857	7	gain
18	25546274	25550260	4	gain
18	27132702	27136688	6	gain
18	28471998	28477977	0	loss
18	32904430	32918381	1	loss
18	33145583	33169499	1	loss
18	33169499	33171492	5	gain
18	39565036	39567029	5	gain
18	42391110	42393103	5	gain
18	42690060	42692053	8	gain
18	47200219	47204205	4	gain
18	48774689	48776682	6	gain
18	49280911	49286890	0	loss
18	51098527	51136394	1	loss
18	53647574	53649567	6	gain
18	56071062	56073055	7	gain
18	60455662	60483564	0	loss
18	60499508	60511466	4	gain
18	60575242	60579228	3	gain
18	60579228	60581221	6	gain
18	62408802	62410795	5	gain
18	68208432	68210425	5	gain
18	68545249	68549235	7	gain
18	73665266	73667259	14	gain
18	74370788	74372781	5	gain
18	76401655	76403648	5	gain
18	81256603	81258596	5	gain
18	82203278	82241145	0	loss
18	83227680	83233659	0	loss
18	83719951	83721944	5	gain
18	85057254	85071205	1	loss
18	85714944	85716937	6	gain
18	86125502	86131481	0	loss
18	87795636	87849447	1	loss
18	90557934	90561920	4	gain
19	0	3113066	3	gain
19	3113066	3123031	4	gain
19	3144954	3166877	4	gain
19	8119482	8229097	1	loss
19	8229097	8231090	5	gain
19	8231090	8392523	1	loss
19	9149863	9395002	0	loss
19	9528533	9530526	5	gain
19	9558428	9584337	1	loss
19	9584337	9586330	4	gain
19	9693952	9705910	0	loss
19	9737798	9745770	4	gain
19	9777658	9805560	0	loss
19	9807553	9813532	5	gain
19	9813532	9831469	0	loss
19	11061150	11069122	0	loss
19	11395974	11435834	0	loss
19	12111461	12274887	1	loss
19	12842892	12862822	1	loss
19	13115933	13121912	4	gain
19	13923098	13929077	0	loss
19	15820434	15822427	5	gain
19	23334044	23336037	9	gain
19	27070919	27074905	18	gain
19	29667798	29671784	5	gain
19	30267691	30269684	20	gain
19	33438554	33568099	3	gain
19	33653798	33747469	1	loss
19	34289565	34327432	3	gain
19	34562606	34576557	3	gain
19	37791266	37793259	5	gain
19	39104653	39134548	0	loss
19	39134548	39174408	1	loss
19	39371715	39375701	4	gain
19	39586959	39594931	3	gain
19	39728462	39794231	3	gain
19	40495767	40497760	25	gain
19	43529113	43531106	5	gain
19	46945115	46947108	32	gain
19	47814063	47816056	6	gain
19	49231086	49249023	1	loss
19	51853874	51973454	1	loss
19	53031737	53033730	8	gain
19	53926594	53928587	5	gain
19	54494599	54498585	4	gain
19	56890185	56892178	313	gain
19	57466162	57468155	5	gain
19	58099936	58103922	164	gain
19	60282271	60284264	6	gain
19	60397865	60399858	6	gain
2	22477054	22481040	537	gain
2	39250142	39258114	6	gain
2	67726126	67793888	1	loss
2	69902482	69908461	5	gain
2	88008887	88078642	1	loss
2	89037275	89077135	0	loss
2	90015838	90075628	1	loss
2	90139404	90229089	1	loss
2	97487595	97499553	4	gain
2	98492067	98498046	15157	gain
2	100281781	100608633	1	loss
2	107422700	107432665	5	gain
2	111205414	111287127	3	gain
2	116375256	116393193	4	gain
2	144075963	144079949	7	gain
2	148978743	149012624	4	gain
2	149032554	149102309	4	gain
2	149907481	149925418	0	loss
2	151013596	151027547	4	gain
2	156199382	156203368	7	gain
2	162278032	162282018	5	gain
2	174804037	174814002	5	gain
2	174814002	174923617	4	gain
2	174923617	174975435	3	gain
2	174975435	175021274	5	gain
2	175021274	175067113	3	gain
2	175130889	175577321	0	loss
2	175643090	175674978	3	gain
2	175674978	175772635	0	loss
2	175846376	176733261	1	loss
2	176763156	176769135	7	gain
2	176769135	176916617	1	loss
2	176916617	176924589	5	gain
2	177006302	177016267	5	gain
2	177016267	177093994	1	loss
2	177093994	177195637	3	gain
2	177195637	177235497	7	gain
2	177377000	177404902	4	gain
2	177482629	177526475	1	loss
2	177695880	177711824	4	gain
2	180932512	180936498	9	gain
2	181556321	181560307	7	gain
3	0	3107087	24	gain
3	3113066	3127017	6	gain
3	3188800	3204744	5	gain
3	3266527	3298415	5	gain
3	15447743	15539421	1	loss
3	15539421	15706833	3	gain
3	15706833	15832392	1	loss
3	64413760	64561242	1	loss
3	77503784	77507770	9	gain
3	91076114	91315274	1	loss
3	93192680	93198659	6	gain
3	93609217	93661035	1	loss
3	93661035	93746734	4	gain
3	93993866	94121418	1	loss
3	94121418	94151313	3	gain
3	97316197	97326162	5	gain
3	98358536	98482102	1	loss
3	106031586	106218928	4	gain
3	106270746	106280711	5	gain
3	117172456	117180428	5	gain
3	133507084	133513063	4	gain
3	133513063	133536979	0	loss
3	137138330	137164239	0	loss
3	139824894	139830873	5	gain
3	142292228	142326109	3	gain
4	0	3162891	3	gain
4	3162891	3242611	4	gain
4	16587739	16677424	3	gain
4	41797196	41898839	3	gain
4	49344687	49390526	5	gain
4	60017202	60124824	3	gain
4	60124824	60320138	1	loss
4	60320138	60447690	3	gain
4	60447690	61372442	1	loss
4	61876671	61952405	0	loss
4	80861989	81077233	3	gain
4	111918908	112468976	0	loss
4	112646353	113238274	0	loss
4	113238274	113511315	1	loss
4	113511315	113690685	3	gain
4	113690685	113726559	1	loss
4	113726559	113806279	3	gain
4	115245225	115316973	0	loss
4	121254120	121644748	1	loss
4	121644748	122433976	0	loss
4	143236910	143320616	1	loss
4	143418273	143545825	4	gain
4	143597643	143637503	4	gain
4	145130260	145257812	5	gain
4	145257812	145321588	8	gain
4	145321588	145403301	3	gain
4	145403301	145433196	5	gain
4	146007180	146084907	3	gain
4	146084907	146152669	5	gain
4	146425710	146447633	6	gain
4	146467563	146625010	6	gain
4	146985743	147019624	5	gain
4	147101337	147218924	5	gain
4	147418224	147426196	6	gain
4	147426196	147591615	3	gain
4	147591615	147671335	5	gain
4	147671335	147858677	3	gain
4	147858677	147898537	5	gain
4	156376759	156404661	6	gain
4	156404661	156508297	1	loss
4	156508297	156522248	4	gain
4	156522248	156588017	1	loss
4	156588017	156603961	7	gain
4	156603961	156860686	1	loss
5	10921640	11529505	1	loss
5	11529505	11750728	0	loss
5	11750728	11898210	1	loss
5	11898210	11928105	4	gain
5	11928105	11958000	6	gain
5	11958000	11973944	5	gain
5	14953479	15015262	8	gain
5	15019248	15049143	6	gain
5	15053129	15059108	17	gain
5	15067080	15645050	8	gain
5	15645050	15651029	3	gain
5	15651029	15662987	8	gain
5	15666973	15760644	8	gain
5	15760644	15778581	4	gain
5	15778581	15870259	7	gain
5	15876238	15922077	7	gain
5	26122251	26170083	5	gain
5	26170083	26186027	3	gain
5	26186027	26327530	5	gain
5	26463054	26475012	4	gain
5	32655305	32705130	3	gain
5	67393295	67397281	7	gain
5	81525658	81531637	5	gain
5	88363641	88389550	4	gain
5	88389550	88461298	0	loss
5	93973936	94003831	4	gain
5	94003831	94553899	1	loss
5	94553899	95956971	0	loss
5	104758059	104935436	1	loss
5	105330050	105419735	1	loss
5	108959303	109134687	0	loss
5	109134687	109288148	1	loss
5	110049474	110053460	7	gain
5	110053460	110175033	3	gain
5	115059876	115061869	31	gain
5	137010778	137012771	69	gain
5	145335539	145494979	1	loss
5	145494979	145542811	4	gain
5	145542811	145550783	6	gain
5	145560748	145630503	6	gain
5	145630503	145696272	3	gain
5	145696272	145704244	6	gain
5	146421724	146497458	1	loss
5	150198459	150214403	0	loss
6	14084531	14092503	5	gain
6	23156667	23164639	8	gain
6	25560225	25564211	6	gain
6	26496935	26528823	0	loss
6	41045835	41209261	1	loss
6	41332827	41444435	1	loss
6	43052786	43062751	4	gain
6	47102562	47144415	1	loss
6	47622735	47744308	8	gain
6	51359610	51363596	8	gain
6	60023181	60411816	0	loss
6	60411816	60469613	3	gain
6	64630997	64638969	5	gain
6	66594102	66625990	0	loss
6	67650392	67708189	4	gain
6	68003153	68019097	0	loss
6	68092838	68100810	5	gain
6	68100810	68120740	1	loss
6	68120740	68134691	6	gain
6	68134691	68186509	1	loss
6	68186509	68198467	8	gain
6	68198467	68212418	0	loss
6	68212418	68250285	5	gain
6	68268222	68280180	6	gain
6	68664829	68712661	0	loss
6	69021576	69031541	5	gain
6	69087345	69169058	0	loss
6	69169058	69310561	1	loss
6	69404232	69414197	4	gain
6	69414197	69671294	1	loss
6	69780909	69800839	6	gain
6	70057936	70392760	1	loss
6	70464508	70556186	1	loss
6	70556186	70590067	3	gain
6	75875503	75879489	8	gain
6	78452452	78496298	0	loss
6	79606399	79612378	5	gain
6	85647182	85788685	1	loss
6	103624042	103628028	6129	gain
6	114473934	114537710	4	gain
6	114537710	114543689	8	gain
6	114601486	114607465	5	gain
6	121626811	121630797	7	gain
6	123876908	123918761	0	loss
6	123974565	124000474	0	loss
6	128819548	128831506	6	gain
6	130021327	130057201	4	gain
6	130087096	130101047	4	gain
6	130164823	130196711	5	gain
6	130537514	130569402	3	gain
6	130569402	130607269	6	gain
6	130607269	130661080	4	gain
6	130661080	130667059	1	loss
6	130667059	130688982	3	gain
6	130758737	130776674	4	gain
6	130776674	130818527	1	loss
6	130818527	130874331	3	gain
6	130874331	130973981	5	gain
6	130973981	130997897	3	gain
6	131472231	131524049	0	loss
6	133182225	133263938	1	loss
6	133263938	133419392	4	gain
6	133419392	133503098	5	gain
6	133734286	133762188	0	loss
7	3718938	3914252	1	loss
7	5658127	5831518	1	loss
7	7378086	9070143	0	loss
7	9070143	9709896	1	loss
7	10682480	11292338	1	loss
7	11742756	11756707	8	gain
7	12366565	12408418	0	loss
7	14459215	14501068	4	gain
7	14501068	14598725	7	gain
7	14598725	14730263	4	gain
7	14772116	14819948	0	loss
7	14819948	15005297	3	gain
7	15005297	15168723	9	gain
7	15168723	15242464	3	gain
7	15242464	15328163	8	gain
7	15352079	15413862	5	gain
7	15413862	15419841	1	loss
7	15419841	15465680	6	gain
7	15465680	15471659	1	loss
7	15471659	15521484	9	gain
7	16958437	17327142	0	loss
7	19818392	20976325	1	loss
7	20976325	21008213	4	gain
7	21163667	23023136	1	loss
7	23023136	23061003	3	gain
7	23399813	23519393	4	gain
7	29839196	29865105	4	gain
7	31351883	32986143	1	loss
7	37978608	38171929	4	gain
7	38542627	38572522	4	gain
7	38767836	38837591	3	gain
7	38837591	38875458	4	gain
7	40826605	40960136	5	gain
7	42600375	42606354	11	gain
7	47094590	47305848	1	loss
7	47305848	47415463	3	gain
7	47491197	47616756	0	loss
7	59381435	59429267	6	gain
7	59508987	59520945	6	gain
7	63722189	63742119	40	gain
7	82914779	82922751	6	gain
7	84832045	84865926	0	loss
7	85386099	85473791	0	loss
7	85689035	85750818	0	loss
7	104419249	104425228	9	gain
7	105479525	105908020	1	loss
7	130661080	130681010	4	gain
7	143191071	143230931	4	gain
8	0	3113066	1	loss
8	19322135	19369967	3	gain
8	19369967	19377939	6	gain
8	19489547	19537379	7	gain
8	19730700	21327093	24	gain
8	21327093	21341044	4	gain
8	21341044	21358981	1	loss
8	21358981	21368946	4	gain
8	21550309	21576218	0	loss
8	21576218	21586183	4	gain
8	21586183	21857231	1	loss
8	21857231	22088419	0	loss
8	22088419	22211985	1	loss
8	22211985	22245866	3	gain
8	55827916	56088999	3	gain
8	69986188	70004125	5	gain
8	72581074	72612962	5	gain
8	119771328	119779300	5	gain
8	124327326	124351242	4	gain
9	0	3053276	761	gain
9	3053276	3063241	0	loss
9	3063241	3071213	7	gain
9	3258555	3260548	9	gain
9	3302401	3316352	18	gain
9	5062220	5076171	1	loss
9	6054734	6060713	0	loss
9	6780186	6782179	5	gain
9	7370114	7382072	3	gain
9	7790637	7806581	3	gain
9	8840948	8864864	4	gain
9	9395002	9398988	17	gain
9	10194195	10196188	5	gain
9	11112968	11138877	0	loss
9	12021776	12027755	3	gain
9	15744700	15752672	1	loss
9	15856308	15858301	5	gain
9	16852808	16862773	0	loss
9	17897140	17899133	5	gain
9	18172174	18178153	4	gain
9	19290247	19300212	1	loss
9	19922028	19931993	1	loss
9	22100377	22104363	6	gain
9	24452117	24454110	526	gain
9	30552690	30560662	5	gain
9	31152583	31154576	6	gain
9	32264677	32268663	10	gain
9	33063870	33073835	7	gain
9	35216310	35218303	4049	gain
9	36637319	36639312	5	gain
9	38797731	38833605	0	loss
9	39106646	39118604	0	loss
9	39214268	39224233	0	loss
9	39260107	39270072	1	loss
9	39345806	39391645	1	loss
9	41817126	41823105	6	gain
9	48126964	48130950	4	gain
9	48429900	48435879	4	gain
9	50269439	50271432	5	gain
9	51022793	51024786	173	gain
9	52794570	52822472	1	loss
9	54046174	54052153	0	loss
9	54466697	54468690	5	gain
9	59331610	59333603	5	gain
9	62347019	62351005	5	gain
9	62506459	62512438	4	gain
9	72999604	73001597	13	gain
9	78137558	78199341	1	loss
9	83817608	83821594	6	gain
9	86340746	86342739	6	gain
9	88467277	88513116	4	gain
9	88513116	88521088	6	gain
9	88521088	88586857	3	gain
9	88586857	88592836	5	gain
9	88592836	88692486	3	gain
9	88692486	88700458	1	loss
9	88700458	88714409	5	gain
9	88714409	88728360	4	gain
9	88786157	88812066	1	loss
9	88812066	88847940	3	gain
9	88847940	88871856	4	gain
9	88871856	88879828	6	gain
9	88879828	88949583	4	gain
9	88957555	88977485	5	gain
9	88977485	88997415	3	gain
9	88997415	89025317	5	gain
9	89025317	89053219	4	gain
9	89053219	89093079	3	gain
9	89224617	89242554	1	loss
9	97208575	97224519	1	loss
9	98131334	98135320	4	gain
9	98988324	98990317	6	gain
9	100967373	100969366	7	gain
9	102067509	102069502	11	gain
9	107920950	107922943	6	gain
9	109154617	109200456	1	loss
9	110109264	110111257	10	gain
9	113712608	113754461	3	gain
9	114513794	114515787	22	gain
9	114910401	114914387	6	gain
9	121048841	121068771	1	loss
9	121234190	121244155	6	gain
9	123288973	123292959	11	gain
9	124018411	124020404	11	gain
9	124157921	124199774	3	gain
X	0	3170863	4	gain
X	3170863	3252576	7	gain
X	3252576	3485757	4	gain
X	3485757	3836525	6	gain
X	3836525	4360684	5	gain
X	4432432	4462327	6	gain
X	4462327	4647676	2	gain
X	4647676	5235611	5	gain
X	5235611	5295401	2	gain
X	23977783	24727151	0	loss
X	25169597	27041024	0	loss
X	29127695	29452554	0	loss
X	29452554	30767934	2	gain
X	30767934	30889507	14	gain
X	30889507	31118702	4	gain
X	31118702	31224331	2	gain
X	31224331	31379785	3	gain
X	31624924	31672756	5	gain
X	31672756	31782371	3	gain
X	31782371	31888000	6	gain
X	31888000	32113209	3	gain
X	32272649	32489886	4	gain
X	32489886	32567613	8	gain
X	32725060	33006073	4	gain
X	33006073	33633868	5	gain
X	33633868	33968692	4	gain
X	33968692	34580543	2	gain
X	34580543	34600473	5	gain
X	34600473	34749948	2	gain
X	122015446	122549570	2	gain
X	122549570	122591423	4	gain
X	122591423	122978065	2	gain
X	122978065	124989002	0	loss
X	148396787	148733604	2	gain
X	152849149	152863100	11	gain
X	168749303	168805107	10	gain
X	168805107	169476592	5	gain
Y	0	257097	3	gain
Y	257097	288985	7	gain
Y	288985	362726	4	gain
Y	2776249	2784221	6	gain
Y	5927182	7748784	0	loss
Y	10118461	10317761	3	gain
Y	10317761	10724333	6	gain
Y	10724333	10772165	3	gain
Y	10772165	10925626	2	gain
Y	15455715	15611169	2	gain
Y	35108688	35575050	2	gain
Y	36125118	38955178	2	gain
Y	43722434	43893832	2	gain
Y	82944674	83500721	2	gain
Y	87177806	87403015	2	gain
Y	88473256	88525074	3	gain
Y	89134932	89144897	7	gain
Y	90671535	90701430	3	gain
Y	90727339	91455967	10	gain
