1	0	357000	5	gain
1	1044000	1299000	4	gain
1	1866000	2316000	6	gain
1	2316000	2367000	3	gain
1	2367000	2538000	6	gain
1	2634000	3744000	7	gain
1	3744000	4317000	3	gain
1	4317000	4602000	6	gain
1	4602000	4671000	3	gain
1	4671000	4824000	7	gain
1	4824000	6819000	3	gain
1	6819000	7254000	7	gain
1	7254000	7626000	4	gain
1	7626000	8046000	5	gain
1	8259000	8421000	5	gain
1	8733000	8883000	8	gain
1	8883000	9201000	3	gain
1	9201000	9276000	1	loss
1	9276000	9384000	6	gain
1	9471000	9573000	7	gain
1	9573000	9933000	3	gain
1	9933000	10020000	1	loss
1	10020000	10125000	7	gain
1	10230000	10332000	7	gain
1	10332000	10554000	3	gain
1	10554000	10890000	7	gain
1	10890000	11016000	3	gain
1	11016000	11094000	14	gain
1	11094000	11193000	3	gain
1	11193000	11649000	5	gain
1	93663000	93915000	3	gain
1	96261000	96915000	3	gain
1	96915000	97278000	4	gain
1	183207000	183282000	10	gain
1	189561000	189762000	6	gain
1	189762000	189867000	3	gain
2	0	153000	4	gain
2	216000	291000	7	gain
2	1014000	1290000	3	gain
2	2085000	2397000	1	loss
2	2397000	2532000	3	gain
2	2532000	3081000	1	loss
2	3240000	3351000	1	loss
2	3351000	3459000	3	gain
2	3459000	3498000	5	gain
2	3498000	3918000	1	loss
2	4125000	4800000	1	loss
2	5415000	5505000	3	gain
2	5505000	5859000	1	loss
2	5859000	5988000	3	gain
2	6528000	6753000	3	gain
2	6753000	7176000	1	loss
2	7176000	7356000	3	gain
2	7356000	7563000	1	loss
2	7563000	7575000	5	gain
2	7743000	7860000	1	loss
2	7860000	8685000	6	gain
2	8685000	8748000	3	gain
2	8748000	9036000	1	loss
2	9036000	9294000	3	gain
2	9294000	9453000	10	gain
2	9453000	9597000	3	gain
2	9597000	9651000	6	gain
2	10074000	11280000	1	loss
2	11280000	11433000	5	gain
2	11433000	11523000	1	loss
2	11523000	11541000	4	gain
2	11541000	12048000	1	loss
2	12600000	12753000	0	loss
2	12753000	12768000	6	gain
2	32340000	32346000	390	gain
2	110007000	110334000	1	loss
2	158748000	158868000	4	gain
2	184602000	184773000	4	gain
2	184773000	184854000	6	gain
2	184854000	184929000	3	gain
2	184929000	185430000	1	loss
2	185844000	185943000	3	gain
2	185943000	185982000	7	gain
2	186165000	186192000	4	gain
3	0	72000	3	gain
3	72000	87000	5	gain
3	246000	261000	9	gain
3	357000	387000	3	gain
3	387000	471000	1	loss
3	576000	624000	4	gain
3	624000	708000	3	gain
3	708000	771000	4	gain
3	825000	870000	4	gain
3	870000	903000	1	loss
3	903000	927000	6	gain
3	927000	969000	3	gain
3	1017000	1113000	3	gain
3	1113000	1347000	1	loss
3	1551000	1560000	6	gain
3	1794000	1887000	5	gain
3	1887000	1920000	3	gain
3	1920000	1974000	5	gain
3	2151000	2346000	5	gain
3	2364000	2442000	3	gain
3	2442000	2601000	4	gain
3	2682000	2778000	5	gain
3	2883000	2895000	5	gain
3	3003000	3141000	4	gain
3	3249000	3324000	3	gain
3	3378000	3399000	6	gain
3	3399000	3516000	1	loss
3	3516000	3573000	4	gain
3	3573000	3915000	1	loss
3	3915000	4002000	3	gain
3	4002000	4032000	5	gain
3	4119000	4188000	0	loss
3	4188000	4260000	4	gain
3	4260000	4299000	1	loss
3	4299000	4317000	5	gain
3	4317000	4434000	1	loss
3	4434000	4470000	5	gain
3	4470000	4734000	1	loss
3	4734000	4746000	5	gain
3	4746000	5046000	1	loss
3	5046000	5064000	5	gain
3	5226000	5259000	6	gain
3	17667000	17799000	1	loss
3	17961000	18216000	1	loss
3	66738000	66888000	1	loss
3	91071000	91146000	4	gain
3	93447000	93687000	1	loss
3	94473000	94692000	1	loss
3	96213000	96366000	1	loss
3	101010000	101124000	1	loss
3	102258000	102261000	41	gain
4	0	120000	1	loss
4	120000	156000	4	gain
4	156000	351000	1	loss
4	351000	513000	4	gain
4	513000	540000	8	gain
4	540000	1587000	1	loss
4	1587000	1743000	6	gain
4	1743000	1779000	3	gain
4	1779000	1821000	6	gain
4	1845000	1959000	7	gain
4	1959000	2067000	3	gain
4	2310000	2316000	8	gain
4	2517000	2949000	3	gain
4	16320000	16407000	3	gain
4	41550000	41700000	4	gain
4	41700000	41778000	6	gain
4	41778000	42015000	3	gain
4	48615000	48660000	5	gain
4	59412000	59610000	1	loss
4	59733000	61173000	1	loss
4	61173000	61248000	0	loss
4	80175000	80391000	3	gain
4	111255000	111801000	0	loss
4	111981000	112845000	1	loss
4	112845000	113025000	3	gain
4	113025000	113061000	1	loss
4	113061000	113139000	4	gain
4	114588000	114660000	0	loss
4	117747000	117882000	0	loss
4	120729000	121119000	1	loss
4	121119000	121527000	0	loss
4	142371000	142434000	1	loss
4	142542000	142668000	4	gain
4	142722000	142761000	4	gain
4	142833000	142839000	10	gain
4	142839000	142983000	1	loss
4	144261000	144384000	4	gain
4	144384000	144435000	7	gain
4	144435000	144513000	3	gain
4	144513000	144885000	1	loss
4	145278000	146433000	1	loss
4	146952000	147003000	4	gain
4	147099000	147105000	10	gain
4	147105000	148350000	1	loss
4	148596000	148629000	4	gain
4	148743000	148830000	3	gain
4	148830000	149220000	1	loss
4	151092000	151263000	1	loss
4	158223000	158238000	5	gain
4	158238000	158304000	1	loss
4	158304000	158322000	5	gain
4	158322000	158377951	1	loss
5	18000	33000	8	gain
5	222000	240000	7	gain
5	249000	291000	7	gain
5	291000	2397000	1	loss
5	2397000	2541000	3	gain
5	2541000	3459000	1	loss
5	3459000	3492000	3	gain
5	3492000	3918000	1	loss
5	4056000	6480000	1	loss
5	6723000	6735000	8	gain
5	6789000	6840000	1	loss
5	6840000	6945000	4	gain
5	7053000	7530000	3	gain
5	7917000	8076000	1	loss
5	8076000	8157000	3	gain
5	8157000	8238000	1	loss
5	8238000	8358000	3	gain
5	8358000	8388000	5	gain
5	8688000	8772000	4	gain
5	16848000	17826000	1	loss
5	17826000	17901000	5	gain
5	20877000	22236000	1	loss
5	22320000	23550000	1	loss
5	23550000	23682000	3	gain
5	23682000	23742000	5	gain
5	23742000	23784000	3	gain
5	23784000	24477000	1	loss
5	34695000	34917000	3	gain
5	34917000	34998000	5	gain
5	97107000	97170000	0	loss
5	102684000	102714000	4	gain
5	102714000	106530000	0	loss
5	119547000	119868000	1	loss
5	156237000	156405000	3	gain
6	0	216000	5	gain
6	216000	276000	3	gain
6	276000	576000	4	gain
6	576000	930000	27	gain
6	1053000	1083000	5	gain
6	1521000	1551000	4	gain
6	1716000	1836000	6	gain
6	2115000	2325000	6	gain
6	2325000	2418000	4	gain
6	2847000	2901000	8	gain
6	2901000	3072000	3	gain
6	3072000	3135000	6	gain
6	3159000	3213000	4	gain
6	3348000	3525000	4	gain
6	3558000	3744000	6	gain
6	3804000	3861000	5	gain
6	3861000	4050000	3	gain
6	4050000	4101000	6	gain
6	4230000	4245000	6	gain
6	4647000	4725000	0	loss
6	62088000	62475000	0	loss
6	70200000	70215000	4	gain
6	70215000	70266000	1	loss
6	70266000	70362000	4	gain
6	71169000	71391000	1	loss
6	71508000	71751000	0	loss
6	71862000	71883000	6	gain
6	72138000	72639000	1	loss
6	116601000	116697000	3	gain
6	126045000	126171000	1	loss
6	130989000	131001000	6	gain
6	132192000	132228000	4	gain
6	132336000	132369000	5	gain
6	132708000	132831000	5	gain
6	133044000	133149000	6	gain
6	133644000	133695000	0	loss
6	135351000	135435000	1	loss
6	135435000	135591000	3	gain
6	135591000	135678000	5	gain
7	192000	261000	6	gain
7	261000	993000	1	loss
7	993000	2277000	3	gain
7	2277000	2772000	6	gain
7	2772000	2919000	3	gain
7	2919000	4005000	10	gain
7	4005000	4209000	4	gain
7	4209000	4824000	3	gain
7	4824000	5286000	4	gain
7	5412000	5562000	4	gain
7	5562000	5889000	1	loss
7	5889000	5946000	4	gain
7	5946000	6054000	1	loss
7	6054000	6111000	4	gain
7	6111000	6585000	1	loss
7	6585000	7869000	5	gain
7	8043000	9756000	1	loss
7	9756000	9942000	3	gain
7	9942000	12879000	1	loss
7	12879000	13209000	3	gain
7	13209000	13317000	1	loss
7	13317000	13365000	3	gain
7	13365000	13608000	1	loss
7	13608000	13689000	3	gain
7	13920000	14271000	4	gain
7	14457000	14793000	5	gain
7	14793000	15102000	3	gain
7	15102000	15969000	5	gain
7	16035000	16263000	7	gain
7	16263000	16311000	3	gain
7	16311000	16359000	12	gain
7	16359000	16458000	3	gain
7	16458000	17340000	6	gain
7	17703000	18171000	4	gain
7	22545000	24237000	0	loss
7	24237000	24879000	1	loss
7	25845000	26463000	1	loss
7	29658000	29928000	4	gain
7	30204000	30363000	5	gain
7	30363000	30495000	1	loss
7	30495000	30654000	5	gain
7	30717000	31014000	6	gain
7	32451000	32820000	0	loss
7	35817000	36135000	1	loss
7	36135000	36369000	3	gain
7	36369000	36549000	1	loss
7	36936000	37053000	4	gain
7	44895000	46527000	1	loss
7	51528000	51720000	4	gain
7	52446000	52488000	4	gain
7	54441000	54573000	5	gain
7	60795000	61002000	1	loss
7	61191000	61320000	0	loss
7	92730000	93069000	1	loss
7	119595000	120057000	1	loss
7	157377000	157416000	5	gain
8	198000	276000	5	gain
8	276000	441000	1	loss
8	441000	450000	16	gain
8	450000	1842000	1	loss
8	1983000	2103000	4	gain
8	2103000	2586000	1	loss
8	2784000	3108000	4	gain
8	3108000	3339000	3	gain
8	3339000	3672000	1	loss
8	3672000	3720000	5	gain
8	3720000	3843000	1	loss
8	3843000	3885000	4	gain
8	3885000	4077000	1	loss
8	4077000	4095000	5	gain
8	4095000	4362000	1	loss
8	4362000	4623000	4	gain
8	4623000	4728000	6	gain
8	4728000	5160000	4	gain
8	5160000	5199000	3	gain
8	5199000	5610000	6	gain
8	5610000	5730000	4	gain
8	5871000	7770000	1	loss
8	7950000	8019000	5	gain
8	8019000	8643000	1	loss
8	9030000	9372000	3	gain
8	9372000	9504000	1	loss
8	9504000	9546000	3	gain
8	9546000	9792000	1	loss
8	9792000	9858000	4	gain
8	10083000	10206000	5	gain
8	10206000	12303000	1	loss
8	12303000	12360000	5	gain
8	12360000	12627000	1	loss
8	12627000	12642000	6	gain
8	12642000	12903000	1	loss
8	29130000	29298000	3	gain
8	29298000	29346000	7	gain
8	29547000	31392000	7	gain
8	31425000	31548000	8	gain
8	31548000	31617000	3	gain
8	31617000	32124000	6	gain
8	32175000	32505000	7	gain
8	32931000	33393000	1	loss
8	67038000	67284000	3	gain
8	83448000	83793000	1	loss
8	135594000	135609000	7	gain
9	0	177000	6	gain
9	213000	228000	9	gain
9	228000	492000	1	loss
9	492000	561000	3	gain
9	561000	726000	7	gain
9	876000	927000	5	gain
9	1107000	1161000	5	gain
9	1218000	1542000	5	gain
9	1542000	1776000	4	gain
9	1776000	1917000	5	gain
9	1971000	2445000	3	gain
9	2445000	2517000	5	gain
9	2586000	2697000	4	gain
9	2697000	2997000	3	gain
9	2997000	3099000	1	loss
9	3099000	3264000	3	gain
9	3264000	3741000	5	gain
9	3837000	3924000	5	gain
9	3981000	4758000	4	gain
9	4758000	5001000	3	gain
9	5127000	5775000	3	gain
9	5775000	6042000	4	gain
9	6042000	6300000	3	gain
9	6300000	6375000	1	loss
9	6375000	6648000	3	gain
9	6648000	6756000	4	gain
9	6756000	7350000	3	gain
9	8022000	8382000	1	loss
9	8382000	8508000	3	gain
9	8508000	8736000	1	loss
9	8736000	8835000	4	gain
9	9501000	9678000	4	gain
9	9678000	10047000	5	gain
9	10281000	10482000	1	loss
9	10839000	10911000	6	gain
9	10911000	11043000	3	gain
9	11043000	11118000	6	gain
9	41052000	41064000	7	gain
9	96504000	96765000	3	gain
9	96885000	97128000	4	gain
9	132018000	132357000	0	loss
10	0	246000	1	loss
10	246000	252000	9	gain
10	303000	414000	32	gain
10	414000	594000	1	loss
10	594000	621000	5	gain
10	738000	876000	4	gain
10	876000	918000	0	loss
10	918000	939000	7	gain
10	1005000	1035000	5	gain
10	1035000	1059000	0	loss
10	1059000	1188000	4	gain
10	1263000	1416000	3	gain
10	1452000	1623000	5	gain
10	1623000	1707000	3	gain
10	1707000	2001000	5	gain
10	2001000	2379000	3	gain
10	2379000	2466000	4	gain
10	2466000	2829000	1	loss
10	2829000	2835000	12	gain
10	3372000	3459000	3	gain
10	3459000	3531000	1	loss
10	3531000	3648000	3	gain
10	3648000	3663000	1	loss
10	3663000	3765000	4	gain
10	3810000	3834000	6	gain
10	3870000	3984000	4	gain
10	3984000	4551000	3	gain
10	4551000	4851000	4	gain
10	4851000	5127000	3	gain
10	5127000	5163000	5	gain
10	5163000	5217000	3	gain
10	6009000	6180000	3	gain
10	6180000	6234000	1	loss
10	6234000	6600000	3	gain
10	6600000	6630000	6	gain
10	6630000	6762000	3	gain
10	6762000	6792000	1	loss
10	6792000	7254000	3	gain
10	7254000	7530000	4	gain
10	7530000	7611000	3	gain
10	7611000	7752000	5	gain
10	7752000	7902000	1	loss
10	7902000	7953000	5	gain
10	7953000	8016000	1	loss
10	8016000	8082000	5	gain
10	8082000	8166000	3	gain
10	8166000	8244000	1	loss
10	8427000	8547000	4	gain
10	8604000	8634000	4	gain
10	27609000	27675000	4	gain
10	27675000	27888000	3	gain
10	87114000	87411000	1	loss
11	0	90000	5	gain
11	162000	180000	18	gain
11	198000	378000	5	gain
11	828000	1527000	3	gain
11	1527000	1674000	5	gain
11	1674000	2085000	3	gain
11	2085000	2139000	1	loss
11	2139000	2358000	3	gain
11	2730000	2964000	5	gain
11	3234000	3294000	4	gain
11	3405000	3573000	4	gain
11	3741000	4299000	3	gain
11	4299000	4512000	6	gain
11	4512000	4551000	0	loss
11	4551000	4626000	3	gain
11	4626000	5610000	4	gain
11	5610000	5922000	3	gain
11	5922000	5958000	5	gain
11	6015000	6456000	3	gain
11	6456000	6504000	1	loss
11	6504000	6579000	5	gain
11	6579000	6816000	3	gain
11	6816000	6831000	6	gain
11	7119000	7191000	5	gain
11	7191000	7227000	3	gain
11	7227000	7461000	5	gain
11	7644000	7665000	5	gain
11	7665000	7758000	3	gain
11	7758000	7812000	5	gain
11	7812000	7899000	3	gain
11	7899000	7965000	7	gain
11	7965000	8262000	4	gain
11	8262000	8550000	6	gain
11	8550000	8919000	3	gain
11	8919000	9159000	4	gain
11	9957000	10017000	4	gain
11	10131000	10437000	1	loss
11	10437000	10455000	4	gain
11	10455000	10497000	1	loss
11	10497000	10560000	4	gain
11	10560000	10653000	10	gain
11	10653000	10689000	3	gain
11	10689000	11004000	1	loss
11	11004000	11028000	3	gain
11	42615000	42627000	10	gain
11	78963000	79104000	1	loss
11	124590000	124617000	6	gain
12	0	90000	0	loss
12	90000	120000	4	gain
12	120000	378000	0	loss
12	378000	462000	3	gain
12	462000	519000	7	gain
12	519000	594000	0	loss
12	594000	720000	4	gain
12	951000	990000	5	gain
12	990000	1026000	19	gain
12	1428000	1443000	9	gain
12	1524000	1581000	7	gain
12	1623000	1653000	6	gain
12	1653000	2805000	3	gain
12	2805000	2844000	9	gain
12	2904000	2928000	6	gain
12	3042000	3324000	3	gain
12	3324000	3396000	1	loss
12	3396000	3447000	4	gain
12	19842000	20583000	4	gain
12	20805000	20943000	5	gain
12	21864000	21948000	5	gain
12	23307000	23646000	1	loss
12	23646000	23706000	3	gain
12	25386000	25419000	5	gain
12	25731000	25989000	1	loss
12	45036000	45297000	3	gain
12	89838000	89967000	4	gain
12	115611000	115734000	1	loss
12	115800000	115827000	5	gain
12	116358000	116430000	4	gain
12	116523000	116571000	6	gain
12	116940000	117216000	1	loss
12	117216000	117351000	3	gain
12	117522000	117591000	4	gain
13	0	63000	4	gain
13	210000	225000	19	gain
13	225000	246000	1	loss
13	246000	411000	4	gain
13	411000	1236000	3	gain
13	1236000	1362000	6	gain
13	1362000	1788000	3	gain
13	1788000	1917000	5	gain
13	1917000	2064000	3	gain
13	2064000	2097000	5	gain
13	2193000	2436000	5	gain
13	2436000	2598000	3	gain
13	2691000	3195000	5	gain
13	3195000	4485000	3	gain
13	4485000	4590000	4	gain
13	5394000	5520000	4	gain
13	5970000	6021000	4	gain
13	7752000	8097000	3	gain
13	8097000	8160000	5	gain
13	9552000	9585000	6	gain
13	9585000	9981000	3	gain
13	9981000	10947000	1	loss
13	41565000	41913000	1	loss
13	41913000	41976000	4	gain
13	69924000	70380000	1	loss
13	70380000	70419000	5	gain
13	71001000	71013000	11	gain
13	73752000	73833000	6	gain
13	73893000	74103000	4	gain
13	74103000	74262000	3	gain
13	74262000	74340000	5	gain
13	74391000	74595000	3	gain
13	74676000	74769000	4	gain
13	74769000	74907000	1	loss
13	74907000	75024000	7	gain
13	75024000	75093000	4	gain
13	108615000	108696000	0	loss
13	128583000	128595000	10	gain
14	0	222000	1	loss
14	222000	288000	4	gain
14	288000	2394000	1	loss
14	2394000	2547000	3	gain
14	2547000	5949000	1	loss
14	5949000	6111000	4	gain
14	6111000	6288000	3	gain
14	6288000	6663000	6	gain
14	6663000	6696000	1	loss
14	6696000	7017000	3	gain
14	7017000	7326000	6	gain
14	7446000	7590000	4	gain
14	7590000	7662000	7	gain
14	7662000	7785000	4	gain
14	7908000	8241000	4	gain
14	8274000	8316000	5	gain
14	8373000	8388000	6	gain
14	8910000	9090000	4	gain
14	9090000	9435000	3	gain
14	9435000	9507000	6	gain
14	9507000	9630000	3	gain
14	9630000	10170000	5	gain
14	10209000	10548000	5	gain
14	10548000	10611000	3	gain
14	10611000	10758000	5	gain
14	10836000	11229000	3	gain
14	22683000	23253000	1	loss
14	23253000	23289000	3	gain
14	23289000	23595000	1	loss
14	23595000	23670000	5	gain
14	23670000	24180000	1	loss
14	24180000	24198000	4	gain
14	24198000	25257000	1	loss
14	25257000	25302000	5	gain
14	25302000	25689000	1	loss
14	25689000	25737000	7	gain
14	25737000	25809000	1	loss
14	25809000	25836000	7	gain
14	25836000	27243000	1	loss
14	33537000	33816000	1	loss
14	48840000	48954000	1	loss
14	49128000	49167000	4	gain
14	49500000	49575000	3	gain
14	49575000	51498000	1	loss
14	51498000	51513000	5	gain
14	51513000	52056000	1	loss
14	52056000	52653000	0	loss
14	61317000	61416000	1	loss
14	63861000	63909000	4	gain
15	0	24000	1	loss
15	24000	33000	5	gain
15	33000	216000	1	loss
15	216000	291000	3	gain
15	291000	2421000	1	loss
15	2421000	2541000	3	gain
15	2541000	3939000	1	loss
15	4041000	6480000	1	loss
15	6672000	7026000	3	gain
15	7110000	7140000	6	gain
15	7140000	7347000	3	gain
15	7347000	7413000	6	gain
15	7413000	7476000	3	gain
15	7476000	7545000	1	loss
15	7545000	7677000	4	gain
15	7971000	7986000	6	gain
15	7986000	8133000	4	gain
15	8163000	8175000	7	gain
15	8175000	8271000	3	gain
15	8451000	8475000	4	gain
15	8991000	9009000	5	gain
15	81084000	81135000	6	gain
15	105570000	105573000	80	gain
16	0	789000	1	loss
16	789000	810000	51	gain
16	810000	1020000	1	loss
16	1020000	1293000	4	gain
16	1479000	1746000	5	gain
16	3693000	4599000	1	loss
16	4599000	5226000	3	gain
16	5226000	5268000	6	gain
16	5268000	5331000	3	gain
16	5331000	5529000	6	gain
16	5529000	5712000	3	gain
16	5712000	5784000	8	gain
16	5784000	5979000	4	gain
16	5979000	6111000	7	gain
16	6111000	6288000	4	gain
16	6288000	6567000	7	gain
16	6567000	6843000	3	gain
16	6843000	6936000	6	gain
16	6936000	7107000	3	gain
16	7107000	7290000	5	gain
16	7338000	7476000	7	gain
16	7476000	7644000	4	gain
16	7644000	8706000	5	gain
16	8769000	9168000	7	gain
16	9210000	9972000	5	gain
16	9972000	10776000	7	gain
16	10776000	11139000	3	gain
16	11139000	11646000	4	gain
16	11646000	11877000	3	gain
16	11877000	11943000	7	gain
16	12309000	12360000	1	loss
16	12360000	12654000	3	gain
16	12654000	12831000	1	loss
16	12831000	12957000	5	gain
16	13068000	13182000	4	gain
16	13287000	13401000	4	gain
16	13506000	13620000	4	gain
16	13725000	13836000	4	gain
16	13950000	14055000	4	gain
16	14166000	14280000	4	gain
16	14385000	14499000	4	gain
16	30468000	30486000	7	gain
17	0	24000	1	loss
17	24000	33000	5	gain
17	33000	222000	1	loss
17	222000	288000	3	gain
17	288000	2397000	1	loss
17	2397000	2541000	3	gain
17	2541000	3945000	1	loss
17	4056000	5859000	1	loss
17	5988000	6264000	1	loss
17	6576000	6900000	3	gain
17	6975000	7014000	6	gain
17	7014000	8343000	3	gain
17	8343000	8889000	6	gain
17	8889000	9042000	4	gain
17	9042000	9636000	6	gain
17	9636000	9726000	3	gain
17	9726000	9771000	7	gain
17	9843000	10098000	4	gain
17	10125000	10179000	4	gain
17	10455000	10473000	6	gain
17	10611000	10863000	4	gain
17	10863000	12264000	1	loss
17	12264000	12321000	6	gain
17	15597000	15654000	4	gain
17	15654000	16092000	3	gain
17	22593000	22779000	1	loss
17	23142000	23151000	13	gain
17	23151000	23223000	1	loss
17	23223000	23241000	8	gain
17	26580000	26625000	4	gain
17	26625000	26676000	6	gain
17	26676000	26805000	4	gain
17	28536000	28986000	1	loss
17	32121000	32253000	4	gain
17	32517000	32742000	1	loss
17	39975000	40497000	3	gain
17	40830000	40890000	4	gain
17	42780000	42804000	5	gain
17	45720000	45843000	1	loss
17	48138000	48315000	4	gain
17	49578000	49833000	1	loss
17	49920000	49986000	4	gain
17	84072000	84330000	1	loss
18	0	24000	1	loss
18	24000	33000	5	gain
18	33000	222000	1	loss
18	222000	282000	4	gain
18	282000	987000	1	loss
18	1290000	2400000	1	loss
18	2400000	2541000	3	gain
18	2541000	3081000	1	loss
18	3081000	3117000	3	gain
18	3117000	3459000	1	loss
18	3459000	3495000	4	gain
18	3495000	3945000	1	loss
18	3945000	3966000	3	gain
18	3966000	4890000	1	loss
18	5415000	5505000	3	gain
18	5505000	5859000	1	loss
18	5859000	5988000	3	gain
18	6480000	6600000	3	gain
18	6600000	7083000	6	gain
18	7083000	7422000	8	gain
18	7422000	7458000	4	gain
18	7458000	7560000	11	gain
18	7560000	7665000	4	gain
18	7665000	7767000	5	gain
18	7767000	7818000	15	gain
18	7818000	7890000	3	gain
18	7890000	7995000	5	gain
18	7995000	8088000	3	gain
18	8439000	8508000	4	gain
18	8610000	8793000	3	gain
18	8793000	9270000	1	loss
18	9270000	9354000	3	gain
18	9411000	9429000	7	gain
18	9429000	9453000	3	gain
18	9453000	9516000	10	gain
18	9516000	9660000	4	gain
18	9693000	9837000	5	gain
18	10194000	10239000	5	gain
18	28134000	28152000	6	gain
18	89643000	89688000	0	loss
19	0	24000	1	loss
19	24000	33000	6	gain
19	33000	222000	1	loss
19	222000	282000	4	gain
19	282000	807000	1	loss
19	987000	1236000	3	gain
19	1236000	1272000	5	gain
19	2082000	2400000	1	loss
19	2400000	2532000	3	gain
19	2532000	3081000	1	loss
19	3081000	3105000	3	gain
19	3105000	3117000	6	gain
19	3240000	3351000	1	loss
19	3459000	3489000	6	gain
19	3489000	3915000	1	loss
19	4056000	4800000	1	loss
19	5412000	5505000	4	gain
19	5505000	5859000	1	loss
19	5859000	5988000	3	gain
19	6480000	6600000	3	gain
19	6600000	6687000	5	gain
19	6705000	6852000	4	gain
19	6852000	7038000	3	gain
19	7038000	7086000	1	loss
19	7158000	7200000	6	gain
19	7242000	7314000	5	gain
19	7353000	7416000	7	gain
19	7416000	7446000	3	gain
19	7446000	7506000	8	gain
19	7506000	7605000	4	gain
19	7641000	7659000	6	gain
19	7659000	7776000	3	gain
19	7776000	7803000	0	loss
19	7803000	7989000	3	gain
19	13230000	13503000	1	loss
19	14259000	14505000	0	loss
19	16509000	16548000	0	loss
19	17229000	17391000	1	loss
19	38574000	38703000	3	gain
19	44280000	44457000	1	loss
19	57075000	57192000	1	loss
19	62133000	62136000	208	gain
X	0	216000	4	gain
X	216000	306000	2	gain
X	306000	585000	4	gain
X	585000	957000	25	gain
X	957000	1053000	3	gain
X	1149000	1248000	3	gain
X	1248000	1281000	7	gain
X	1704000	1815000	3	gain
X	1815000	1890000	2	gain
X	1890000	2046000	9	gain
X	2046000	2580000	6	gain
X	2580000	2697000	2	gain
X	4407000	4509000	4	gain
X	4509000	4662000	2	gain
X	4785000	5061000	3	gain
X	5061000	5469000	4	gain
X	5469000	5583000	2	gain
X	5583000	5682000	4	gain
X	5952000	6045000	3	gain
X	6219000	6378000	4	gain
X	6378000	6621000	6	gain
X	6621000	6681000	3	gain
X	6990000	7077000	3	gain
X	7314000	7404000	4	gain
X	7404000	7506000	2	gain
X	7506000	7731000	4	gain
X	7731000	8136000	2	gain
X	8136000	8223000	5	gain
X	8223000	8466000	3	gain
X	8466000	8727000	4	gain
X	8727000	9054000	5	gain
X	9054000	9147000	3	gain
X	9147000	9339000	8	gain
X	9339000	9513000	3	gain
X	9513000	9561000	6	gain
X	9561000	9672000	4	gain
X	9672000	9702000	0	loss
X	9702000	9942000	3	gain
X	9942000	10251000	5	gain
X	10251000	10719000	3	gain
X	29472000	31587000	0	loss
X	36528000	36795000	2	gain
X	55254000	55398000	2	gain
X	56184000	56256000	3	gain
X	56256000	56745000	2	gain
X	124239000	124773000	2	gain
X	124773000	124815000	4	gain
X	125196000	125961000	0	loss
X	149430000	149775000	2	gain
X	153912000	153927000	11	gain
X	170187000	170208000	6	gain
X	170208000	170409000	0	loss
X	170409000	170490000	3	gain
X	170490000	170718000	0	loss
Y	0	666000	0	loss
Y	666000	735000	2	gain
Y	735000	1077000	0	loss
Y	1077000	1500000	2	gain
Y	1500000	3897000	0	loss
Y	8838000	10695000	0	loss
Y	13032000	13230000	3	gain
Y	13230000	13650000	6	gain
Y	13650000	13839000	2	gain
Y	18513000	18669000	2	gain
Y	38274000	38430000	2	gain
Y	85746000	86193000	2	gain
Y	89871000	90075000	2	gain
Y	91890000	91899000	20	gain
Y	93426000	93459000	3	gain
Y	93483000	93528000	10	gain
Y	94716000	94941000	0	loss
