1	0	243716	6	gain
1	268928	323554	10	gain
1	1042096	1296317	4	gain
1	1865688	2317403	6	gain
1	2367827	2538008	6	gain
1	2632553	3741881	7	gain
1	3741881	4229313	4	gain
1	4315454	4603291	5	gain
1	4603291	4670523	3	gain
1	4670523	4823896	7	gain
1	4823896	6819846	3	gain
1	6819846	7254753	7	gain
1	7254753	7626630	4	gain
1	7626630	8046830	5	gain
1	8261132	8420808	5	gain
1	8729655	8883028	8	gain
1	8883028	9200279	3	gain
1	9200279	9278016	1	loss
1	9278016	9383066	6	gain
1	9471308	9572156	7	gain
1	9572156	9933528	3	gain
1	9933528	10019669	1	loss
1	10019669	10126820	6	gain
1	10229769	10330617	7	gain
1	10330617	10553323	3	gain
1	10553323	10891584	7	gain
1	10891584	11017644	3	gain
1	11017644	11093280	14	gain
1	11093280	11192027	3	gain
1	11192027	11324390	8	gain
1	11324390	11650045	4	gain
1	93662580	93916801	3	gain
1	96261517	96914928	3	gain
1	96914928	97278401	4	gain
1	183207200	183282836	10	gain
1	189560624	189760219	6	gain
1	189760219	189865269	3	gain
2	0	18909	3	gain
2	18909	33616	7	gain
2	33616	151272	3	gain
2	216403	289938	7	gain
2	289938	1012682	1	loss
2	1012682	1290014	3	gain
2	2090495	2399342	1	loss
2	2399342	2529604	3	gain
2	2529604	3080066	1	loss
2	3237641	3351095	1	loss
2	3351095	3458246	3	gain
2	3458246	3498165	5	gain
2	3498165	3914163	1	loss
2	4126364	4798684	1	loss
2	5414277	5504620	3	gain
2	5504620	5857588	1	loss
2	5857588	5987850	3	gain
2	6433262	6464777	4	gain
2	6527807	6752614	3	gain
2	6752614	7177016	1	loss
2	7177016	7355601	3	gain
2	7355601	7557297	1	loss
2	7683357	7859841	1	loss
2	7859841	8311556	6	gain
2	8311556	8376687	3	gain
2	8376687	8685534	9	gain
2	8754867	9036401	1	loss
2	9036401	9294824	3	gain
2	9294824	9454500	9	gain
2	9454500	9597368	3	gain
2	9597368	9637287	5	gain
2	9820074	11261360	1	loss
2	11261360	11433642	4	gain
2	11433642	11523985	1	loss
2	11523985	11538692	5	gain
2	11538692	12049235	1	loss
2	12049235	12084952	3	gain
2	12622808	12748868	0	loss
2	12748868	12769878	4	gain
2	32340693	32346996	293	gain
2	110006259	110334015	1	loss
2	158745257	158869216	4	gain
2	184602264	184770344	4	gain
2	184770344	184856485	5	gain
2	184856485	184930020	3	gain
2	184930020	185430058	1	loss
2	185841854	185944803	3	gain
2	185944803	185980520	7	gain
2	185980520	186165408	3	gain
2	186165408	186192721	4	gain
3	69333	86141	5	gain
3	86141	147070	1	loss
3	147070	153373	8	gain
3	153373	247918	1	loss
3	247918	262625	7	gain
3	355069	388685	4	gain
3	388685	470624	1	loss
3	577775	626098	4	gain
3	712239	754259	5	gain
3	903430	922339	7	gain
3	922339	968561	4	gain
3	968561	1018985	1	loss
3	1018985	1113530	3	gain
3	1113530	1348842	1	loss
3	1794254	1886698	6	gain
3	1886698	1916112	3	gain
3	1916112	1974940	5	gain
3	1974940	2187141	3	gain
3	2187141	2344716	5	gain
3	2344716	2363625	1	loss
3	2363625	2441362	3	gain
3	2441362	2601038	4	gain
3	2680876	2779623	5	gain
3	2882572	2893077	6	gain
3	3002329	3140995	3	gain
3	3248146	3304873	4	gain
3	3378408	3397317	6	gain
3	3397317	3517074	1	loss
3	3517074	3559094	4	gain
3	3559094	3916264	1	loss
3	3916264	3998203	3	gain
3	3998203	4031819	4	gain
3	4120061	4189394	0	loss
3	4189394	4258727	3	gain
3	4258727	4298646	1	loss
3	4298646	4315454	6	gain
3	4315454	4435211	1	loss
3	4435211	4468827	5	gain
3	4468827	4735654	1	loss
3	4735654	4744058	7	gain
3	4744058	5044501	1	loss
3	5044501	5063410	5	gain
3	5225187	5258803	6	gain
3	17667309	17797571	1	loss
3	17965651	18217771	1	loss
3	66738265	66885335	1	loss
3	91069946	91147683	4	gain
3	93446177	93685691	1	loss
3	94471465	94692070	1	loss
3	96211093	96366567	1	loss
3	97248987	97255290	6	gain
3	101009777	101125332	1	loss
3	109128041	109140647	5	gain
3	142716728	142723031	6	gain
4	0	121858	1	loss
4	121858	153373	5	gain
4	224807	350867	1	loss
4	350867	485331	3	gain
4	485331	539957	6	gain
4	539957	1588356	1	loss
4	1588356	1750133	6	gain
4	1750133	1777446	3	gain
4	1777446	1821567	6	gain
4	1846779	1958132	8	gain
4	1958132	2317403	3	gain
4	2516998	2947703	3	gain
4	41557780	41700648	4	gain
4	41700648	41778385	6	gain
4	41778385	42015798	3	gain
4	48615039	48661261	5	gain
4	59409977	59611673	1	loss
4	59733531	61172716	1	loss
4	61172716	61248352	0	loss
4	80176261	80390563	3	gain
4	111254253	111802614	0	loss
4	111979098	112573681	0	loss
4	112573681	112844710	1	loss
4	112844710	113023295	3	gain
4	113023295	113061113	1	loss
4	113061113	113140951	3	gain
4	114586439	114659974	1	loss
4	117748444	117880807	0	loss
4	120731864	121118448	1	loss
4	121118448	121526042	0	loss
4	142542345	142668405	4	gain
4	142720930	142760849	4	gain
4	144258862	144382821	4	gain
4	144382821	144435346	7	gain
4	144435346	144513083	3	gain
4	144513083	144884960	1	loss
4	145277847	146433397	1	loss
4	146952344	147004869	4	gain
4	147095212	147103616	7	gain
4	147103616	148351610	1	loss
4	148597427	148628942	4	gain
4	148742396	148824335	3	gain
4	148824335	149219323	1	loss
4	151093415	151263596	1	loss
4	158224209	158238916	6	gain
4	158238916	158306148	1	loss
4	158306148	158320855	7	gain
4	158320855	158377951	1	loss
5	18909	33616	6	gain
5	216403	289938	6	gain
5	289938	2399342	1	loss
5	2399342	2529604	3	gain
5	2529604	3458246	1	loss
5	3493963	3914163	0	loss
5	4057031	6481585	1	loss
5	6788331	6840856	1	loss
5	6840856	6945906	3	gain
5	6945906	7053057	1	loss
5	7053057	7529984	3	gain
5	7529984	8074143	1	loss
5	8074143	8156082	3	gain
5	8156082	8238021	1	loss
5	8238021	8357778	3	gain
5	8357778	8387192	6	gain
5	8687635	8771675	3	gain
5	16847919	17824884	1	loss
5	17824884	17900520	5	gain
5	20877637	22236984	1	loss
5	22236984	22318923	3	gain
5	22318923	23548008	1	loss
5	23548008	23680371	3	gain
5	23680371	23743401	5	gain
5	23743401	23785421	3	gain
5	23785421	24478751	1	loss
5	34693813	34916519	3	gain
5	34916519	34998458	4	gain
5	97108220	97158644	0	loss
5	102686375	102715789	4	gain
5	102715789	106529104	0	loss
5	119546900	119868353	1	loss
5	156238764	156404743	3	gain
6	0	586179	4	gain
6	586179	928642	26	gain
6	1054702	1082015	5	gain
6	1432882	1542134	3	gain
6	1542134	1550538	6	gain
6	1716517	1836274	6	gain
6	2113606	2323706	6	gain
6	2323706	2418251	4	gain
6	2848956	2888875	8	gain
6	2888875	3073763	3	gain
6	3073763	3134692	6	gain
6	3159904	3212429	5	gain
6	3346893	3525478	4	gain
6	3556993	3741881	6	gain
6	3741881	3804911	3	gain
6	3804911	3861638	6	gain
6	3861638	4048627	3	gain
6	4048627	4096950	7	gain
6	4096950	4334363	3	gain
6	4645311	4723048	0	loss
6	49428126	49438631	7	gain
6	62086651	62475336	0	loss
6	70267945	70360389	4	gain
6	71169274	71391980	1	loss
6	71507535	71751251	1	loss
6	71862604	71881513	6	gain
6	72137835	72637873	1	loss
6	116599197	116697944	3	gain
6	130991047	131001552	6	gain
6	132190718	132228536	4	gain
6	132335687	132367202	5	gain
6	132707564	132831523	4	gain
6	133043724	133150875	5	gain
6	133642509	133692933	0	loss
6	135352723	135436763	1	loss
6	135436763	135592237	4	gain
6	135592237	135676277	5	gain
7	193292	262625	6	gain
7	262625	993773	1	loss
7	2277484	2771219	6	gain
7	2771219	2924592	3	gain
7	2924592	4004506	10	gain
7	4004506	4210404	4	gain
7	4210404	4821795	3	gain
7	4821795	5286116	4	gain
7	5286116	5561347	3	gain
7	5561347	5889103	1	loss
7	5889103	5945830	3	gain
7	5945830	6052981	1	loss
7	6052981	6111809	4	gain
7	6111809	6597140	1	loss
7	6597140	7868245	5	gain
7	7868245	8032123	3	gain
7	8032123	9757044	1	loss
7	9757044	9939831	3	gain
7	9939831	12879130	1	loss
7	12879130	13208987	3	gain
7	13208987	13608177	1	loss
7	13608177	13688015	4	gain
7	13921226	14269992	4	gain
7	14459082	14791040	5	gain
7	14791040	15101988	3	gain
7	15101988	15965499	5	gain
7	16034832	16358386	7	gain
7	16358386	16459234	3	gain
7	16459234	17337452	5	gain
7	17707228	18171549	3	gain
7	22545831	24856931	1	loss
7	25852805	26462095	1	loss
7	29657716	29928745	4	gain
7	29928745	30203976	1	loss
7	30203976	30363652	5	gain
7	30496015	30653590	5	gain
7	30718721	31014962	6	gain
7	32449945	32819721	0	loss
7	35819949	36135099	1	loss
7	36135099	36368310	3	gain
7	36935580	37053236	4	gain
7	44908875	46528746	1	loss
7	51529126	51720317	4	gain
7	52445162	52489283	4	gain
7	54441112	54575576	5	gain
7	60796637	61000434	1	loss
7	61191625	61319786	0	loss
7	92729736	93070098	1	loss
7	119595223	120059544	1	loss
8	197494	275231	5	gain
8	275231	1840476	1	loss
8	1981243	2103101	4	gain
8	2103101	2582129	1	loss
8	2783825	3107379	4	gain
8	3107379	3323782	3	gain
8	3323782	3338489	5	gain
8	3338489	3672548	1	loss
8	3672548	3718770	4	gain
8	3718770	3844830	1	loss
8	3844830	3884749	5	gain
8	3884749	4078041	1	loss
8	4078041	4094849	5	gain
8	4094849	4361676	1	loss
8	4361676	4611695	4	gain
8	4611695	4727250	6	gain
8	4727250	5323934	4	gain
8	5323934	5609670	6	gain
8	5609670	5729427	4	gain
8	5872295	7769498	1	loss
8	7950184	8025820	4	gain
8	8025820	8641413	1	loss
8	9030098	9372561	3	gain
8	9372561	9788559	1	loss
8	9788559	9855791	3	gain
8	10082699	10206658	4	gain
8	10206658	12303456	1	loss
8	12303456	12360183	5	gain
8	12360183	12627010	1	loss
8	12627010	12639616	7	gain
8	12639616	12900140	1	loss
8	29128264	29298445	3	gain
8	29298445	29344667	6	gain
8	29548464	31391041	7	gain
8	31426758	31548616	9	gain
8	31548616	31615848	3	gain
8	31615848	32124290	6	gain
8	32174714	32506672	7	gain
8	32506672	33391193	1	loss
8	67038708	67284525	3	gain
8	83449619	83792082	1	loss
8	135592237	135611146	7	gain
9	0	44121	5	gain
9	44121	67232	8	gain
9	67232	176484	5	gain
9	212201	226908	8	gain
9	226908	493735	1	loss
9	493735	571472	3	gain
9	571472	726946	7	gain
9	876117	930743	4	gain
9	1033692	1050500	6	gain
9	1107227	1159752	4	gain
9	1218580	1542134	5	gain
9	1542134	1773244	3	gain
9	1773244	1918213	5	gain
9	1918213	1972839	1	loss
9	1972839	2037970	4	gain
9	2258575	2445564	3	gain
9	2445564	2516998	5	gain
9	2577927	2701886	4	gain
9	2878370	2996026	3	gain
9	2996026	3098975	1	loss
9	3098975	3264954	3	gain
9	3264954	3351095	6	gain
9	3351095	3395216	3	gain
9	3395216	3437236	7	gain
9	3437236	3456145	3	gain
9	3456145	3571700	8	gain
9	3571700	3739780	4	gain
9	3836426	3922567	5	gain
9	3983496	4765068	4	gain
9	4765068	5000380	3	gain
9	5136945	5208379	3	gain
9	5544539	5704215	3	gain
9	5704215	5773548	1	loss
9	5773548	6042476	4	gain
9	6042476	6300899	3	gain
9	6300899	6374434	1	loss
9	6374434	6649665	3	gain
9	6649665	6731604	4	gain
9	6731604	7349298	3	gain
9	8021618	8382990	1	loss
9	8382990	8506949	3	gain
9	8506949	8735958	1	loss
9	8735958	8767473	6	gain
9	8767473	8847311	3	gain
9	8971270	8992280	5	gain
9	9049007	9103633	4	gain
9	9500722	9712923	3	gain
9	9712923	9830579	6	gain
9	9830579	9862094	3	gain
9	9862094	10049083	5	gain
9	10280193	10481889	1	loss
9	10706696	10784433	1	loss
9	10784433	10839059	3	gain
9	10839059	10914695	7	gain
9	10914695	11040755	3	gain
9	11040755	11116391	7	gain
9	11116391	11124795	0	loss
9	11124795	11135300	6	gain
9	46791371	46827088	0	loss
9	96503132	96765757	3	gain
9	96885514	97129230	4	gain
9	131778922	131791528	6	gain
9	132018436	132352495	0	loss
10	0	302544	1	loss
10	302544	413897	34	gain
10	413897	594583	0	loss
10	594583	663916	4	gain
10	663916	739552	1	loss
10	739552	874016	3	gain
10	874016	918137	1	loss
10	918137	939147	6	gain
10	939147	1008480	1	loss
10	1008480	1035793	7	gain
10	1035793	1061005	0	loss
10	1061005	1187065	4	gain
10	1264802	1416074	4	gain
10	1453892	1621972	5	gain
10	1621972	1708113	3	gain
10	1708113	2000152	5	gain
10	2000152	2466574	3	gain
10	2466574	2821643	1	loss
10	3563296	4561271	3	gain
10	4561271	4851209	4	gain
10	5126440	5162157	5	gain
10	6010961	6181142	3	gain
10	6181142	6235768	1	loss
10	6235768	7254753	3	gain
10	7254753	7750589	4	gain
10	7750589	7901861	1	loss
10	7901861	7952285	4	gain
10	7952285	8015315	1	loss
10	8015315	8080446	5	gain
10	8080446	8166587	3	gain
10	8166587	8242223	1	loss
10	8429212	8546868	4	gain
10	8546868	8635110	3	gain
10	27611342	27676473	4	gain
10	27676473	27886573	3	gain
10	87113763	87412105	1	loss
11	0	88242	4	gain
11	161777	178585	14	gain
11	197494	378180	5	gain
11	827794	1527427	3	gain
11	1527427	1674497	5	gain
11	1720719	2086293	3	gain
11	2086293	2138818	1	loss
11	2138818	2355221	3	gain
11	2722896	2964511	5	gain
11	3235540	3294368	4	gain
11	3403620	3571700	4	gain
11	3739780	4296545	3	gain
11	4296545	4512948	6	gain
11	4512948	4550766	0	loss
11	4550766	4626402	3	gain
11	4626402	5618074	4	gain
11	5618074	5933224	3	gain
11	5933224	5956335	6	gain
11	6017264	6029870	8	gain
11	6029870	6456373	4	gain
11	6456373	6504696	1	loss
11	6504696	6580332	4	gain
11	6580332	6859765	3	gain
11	6952209	6983724	4	gain
11	7118188	7189622	5	gain
11	7189622	7227440	3	gain
11	7227440	7445944	5	gain
11	7445944	7756892	3	gain
11	7756892	7811518	5	gain
11	7811518	7899760	3	gain
11	7899760	7964891	7	gain
11	7964891	8261132	4	gain
11	8261132	8551070	6	gain
11	8551070	8916644	3	gain
11	8916644	9158259	4	gain
11	9956639	10131022	3	gain
11	10131022	10435667	1	loss
11	10435667	10456677	4	gain
11	10456677	10498697	1	loss
11	10498697	10559626	3	gain
11	10559626	10652070	10	gain
11	10687787	11005038	1	loss
11	11005038	11028149	4	gain
11	42614583	42627189	11	gain
11	68412762	68425368	6	gain
11	78963984	79108953	1	loss
11	124591401	124616613	6	gain
12	0	90343	0	loss
12	90343	119757	4	gain
12	119757	378180	0	loss
12	378180	462220	3	gain
12	462220	518947	7	gain
12	518947	594583	0	loss
12	594583	764764	3	gain
12	764764	794178	1	loss
12	951753	993773	4	gain
12	993773	1027389	18	gain
12	1128237	1182863	4	gain
12	1428680	1441286	11	gain
12	1441286	1523225	3	gain
12	1523225	1582053	7	gain
12	1619871	1653487	5	gain
12	1695507	1720719	6	gain
12	1720719	1808961	4	gain
12	1855183	1899304	4	gain
12	1899304	2090495	3	gain
12	2090495	2161929	5	gain
12	2161929	2311100	3	gain
12	2311100	2395140	4	gain
12	2453968	2603139	4	gain
12	2603139	2622048	1	loss
12	2622048	2682977	3	gain
12	2706088	2844754	5	gain
12	2903582	2926693	6	gain
12	3040147	3323782	3	gain
12	3323782	3397317	1	loss
12	3397317	3445640	4	gain
12	19843945	20579295	4	gain
12	20804102	20942768	5	gain
12	21865107	21951248	5	gain
12	23306393	23646755	1	loss
12	23646755	23705583	3	gain
12	24684649	24865335	3	gain
12	25388484	25419999	5	gain
12	25733048	25989370	1	loss
12	45034935	45295459	3	gain
12	56756414	56911888	1	loss
12	89836659	89966921	4	gain
12	115309183	115376415	0	loss
12	115601222	115733585	1	loss
12	115800817	115828130	5	gain
12	116359683	116431117	4	gain
12	116523561	116569783	6	gain
12	116939559	117015195	0	loss
12	117080326	117216891	1	loss
12	117216891	117351355	3	gain
12	117523637	117592970	4	gain
13	0	60929	4	gain
13	102949	119757	5	gain
13	119757	212201	1	loss
13	212201	224807	17	gain
13	224807	245817	1	loss
13	245817	262625	9	gain
13	281534	409695	5	gain
13	409695	506341	3	gain
13	506341	531553	1	loss
13	884521	1231186	3	gain
13	1231186	1281610	4	gain
13	1281610	1355145	7	gain
13	1355145	1439185	4	gain
13	1439185	1787951	3	gain
13	1787951	1907708	5	gain
13	1907708	2063182	3	gain
13	2063182	2096798	5	gain
13	2191343	2245969	6	gain
13	2245969	2302696	3	gain
13	2302696	2355221	7	gain
13	2355221	2447665	4	gain
13	2483382	2493887	8	gain
13	2493887	2598937	3	gain
13	2598937	2624149	1	loss
13	2624149	2630452	5	gain
13	2691381	2779623	6	gain
13	2779623	2928794	4	gain
13	2928794	3195621	6	gain
13	3254449	3271257	5	gain
13	3342691	3556993	3	gain
13	3556993	3615821	1	loss
13	4012910	4107455	4	gain
13	4107455	4117960	9	gain
13	4489837	4590685	4	gain
13	4889027	4939451	4	gain
13	5105430	5454196	3	gain
13	5454196	5529832	4	gain
13	5685306	5756740	1	loss
13	5926921	5931123	9	gain
13	5931123	5968941	1	loss
13	5968941	6021466	4	gain
13	6191647	6267283	1	loss
13	7525782	7576206	4	gain
13	7576206	7752690	1	loss
13	7752690	8097254	3	gain
13	8097254	8158183	5	gain
13	8334667	8408202	1	loss
13	9437692	9446096	5	gain
13	9551146	9584762	6	gain
13	9584762	9778054	3	gain
13	9895710	9918821	5	gain
13	9981851	10561727	1	loss
13	10561727	10568030	5	gain
13	10568030	10597444	1	loss
13	10702494	10950412	1	loss
13	10950412	10965119	5	gain
13	11225643	11234047	5	gain
13	27222657	27228960	10	gain
13	31185143	31273385	1	loss
13	41566184	41734264	1	loss
13	41931758	41971677	4	gain
13	59080120	59176766	3	gain
13	66460933	66463034	77	gain
13	69923381	70101966	1	loss
13	70150289	70364591	0	loss
13	70381399	70417116	5	gain
13	70417116	70465439	3	gain
13	70465439	70473843	7	gain
13	71001194	71011699	12	gain
13	73623242	73675767	3	gain
13	73753504	73833342	6	gain
13	73833342	73887968	1	loss
13	73887968	74060250	4	gain
13	74085462	74102270	5	gain
13	74144290	74261946	3	gain
13	74261946	74341784	5	gain
13	74341784	74392208	1	loss
13	74392208	74579197	3	gain
13	74579197	74591803	6	gain
13	74677944	74768287	4	gain
13	74768287	74906953	1	loss
13	74906953	75026710	6	gain
13	75026710	75081336	3	gain
13	75081336	75091841	8	gain
13	76175957	76182260	8	gain
13	76285209	76386057	3	gain
13	93425167	93429369	38	gain
13	93958821	93994538	0	loss
13	108615397	108697336	0	loss
13	114960417	115019245	0	loss
13	128583301	128593806	13	gain
13	128648432	128652634	19	gain
14	0	222706	1	loss
14	222706	283635	3	gain
14	283635	2397241	1	loss
14	2397241	2531705	3	gain
14	2531705	5950032	1	loss
14	5950032	6109708	4	gain
14	6109708	6290394	3	gain
14	6290394	6536211	7	gain
14	6536211	6662271	5	gain
14	6662271	6697988	1	loss
14	6697988	6716897	7	gain
14	6716897	7017340	3	gain
14	7017340	7326187	6	gain
14	7445944	7563600	4	gain
14	7586711	7662347	7	gain
14	7662347	7784205	3	gain
14	7910265	8246425	4	gain
14	8273738	8315758	5	gain
14	8372485	8387192	6	gain
14	8910341	9088926	4	gain
14	9088926	9435591	3	gain
14	9435591	9507025	6	gain
14	9507025	9630984	3	gain
14	9630984	10002861	4	gain
14	10002861	10122618	6	gain
14	10122618	10210860	3	gain
14	10210860	10547020	5	gain
14	10612151	10759221	4	gain
14	10759221	10836958	1	loss
14	10836958	11095381	3	gain
14	22402963	23253868	1	loss
14	23253868	23289585	3	gain
14	23289585	23594230	1	loss
14	23594230	23667765	5	gain
14	23667765	23890471	1	loss
14	23890471	23903077	4	gain
14	23903077	24119480	1	loss
14	24119480	24136288	4	gain
14	24136288	24180409	1	loss
14	24180409	24199318	6	gain
14	24199318	25256121	1	loss
14	25256121	25300242	6	gain
14	25300242	25691028	1	loss
14	25691028	25743553	7	gain
14	25743553	25808684	1	loss
14	25808684	25833896	7	gain
14	25833896	27243667	1	loss
14	33538263	33815595	1	loss
14	48841947	48953300	1	loss
14	49127683	49167602	4	gain
14	49167602	49501661	1	loss
14	49501661	49570994	3	gain
14	49570994	50356768	1	loss
14	50753857	50760160	7	gain
14	50760160	51497611	1	loss
14	51497611	51514419	5	gain
14	51514419	52058578	1	loss
14	52058578	52651060	0	loss
14	61315584	61416432	1	loss
14	61416432	61527785	3	gain
14	61527785	61622330	1	loss
14	63859895	63908218	4	gain
14	98036862	98045266	9	gain
15	0	18909	1	loss
15	18909	33616	3	gain
15	33616	210100	1	loss
15	210100	260524	3	gain
15	260524	285736	4	gain
15	285736	2422453	1	loss
15	2422453	2542210	3	gain
15	2542210	3939375	1	loss
15	4040223	6481585	1	loss
15	6666473	7027845	3	gain
15	7109784	7141299	6	gain
15	7141299	7242147	3	gain
15	7242147	7271561	5	gain
15	7307278	7332490	4	gain
15	7345096	7403924	6	gain
15	7403924	7475358	4	gain
15	7546792	7672852	4	gain
15	7819922	7851437	0	loss
15	7971194	7985901	6	gain
15	7985901	8132971	3	gain
15	8132971	8162385	1	loss
15	8162385	8174991	7	gain
15	8174991	8193900	1	loss
15	8193900	8271637	3	gain
15	8635110	8761170	3	gain
15	8992280	9009088	5	gain
15	81085994	81134317	6	gain
16	365574	449614	0	loss
16	449614	747956	1	loss
16	747956	789976	4	gain
16	789976	810986	48	gain
16	810986	1006379	1	loss
16	1006379	1292115	4	gain
16	1479104	1745931	4	gain
16	1916112	2002253	1	loss
16	2002253	2250171	3	gain
16	2250171	2529604	1	loss
16	3103177	3155702	5	gain
16	3691457	4599089	1	loss
16	4599089	5227288	3	gain
16	5227288	5269308	5	gain
16	5332338	5527731	6	gain
16	5527731	5710518	3	gain
16	5710518	5775649	8	gain
16	5775649	6027769	4	gain
16	6027769	6111809	7	gain
16	6111809	6286192	4	gain
16	6286192	6542514	7	gain
16	6542514	6840856	3	gain
16	6840856	6937502	6	gain
16	6937502	7107683	3	gain
16	7107683	7292571	5	gain
16	7338793	7475358	7	gain
16	7475358	7645539	3	gain
16	7645539	8706544	5	gain
16	8769574	8937654	12	gain
16	8937654	9168764	5	gain
16	9204481	9979750	5	gain
16	9979750	10776029	7	gain
16	10776029	11139502	3	gain
16	11139502	11645843	4	gain
16	11759297	12005114	4	gain
16	12070245	12181598	3	gain
16	12435819	12454728	9	gain
16	12454728	12654323	3	gain
16	12654323	12830807	1	loss
16	12830807	12956867	5	gain
16	13068220	13181674	4	gain
16	13286724	13402279	4	gain
16	13507329	13620783	4	gain
16	13725833	13839287	4	gain
16	13946438	14059892	4	gain
16	14164942	14278396	4	gain
16	14383446	14499001	4	gain
16	30468702	30485510	8	gain
17	0	23111	1	loss
17	23111	33616	5	gain
17	33616	216403	1	loss
17	216403	285736	3	gain
17	285736	2399342	1	loss
17	2399342	2529604	3	gain
17	2529604	3943577	1	loss
17	4057031	5857588	1	loss
17	5992052	6263081	1	loss
17	6580332	6899684	3	gain
17	6899684	6975320	1	loss
17	6975320	7078269	4	gain
17	7078269	8343071	3	gain
17	8343071	8811594	6	gain
17	8811594	9013290	4	gain
17	9038502	9637287	6	gain
17	9637287	9727630	3	gain
17	9727630	9771751	7	gain
17	9843185	10095305	4	gain
17	10124719	10179345	4	gain
17	10454576	10473485	5	gain
17	10473485	10862170	3	gain
17	10862170	11874852	1	loss
17	11874852	11904266	3	gain
17	11904266	12265638	1	loss
17	12265638	12320264	6	gain
17	15595723	15660854	4	gain
17	15660854	16091559	3	gain
17	22592053	22779042	1	loss
17	23142515	23150919	17	gain
17	23150919	23222353	1	loss
17	23222353	23241262	6	gain
17	26583953	26752033	5	gain
17	28533681	28985396	1	loss
17	32120088	32252451	4	gain
17	32517177	32741984	0	loss
17	39975727	40496775	3	gain
17	40830834	40889662	4	gain
17	42780562	42809976	4	gain
17	45719861	45841719	1	loss
17	48138112	48314596	4	gain
17	49575196	49833619	1	loss
17	49919760	49984891	4	gain
17	84069414	84329938	1	loss
18	0	18909	1	loss
18	18909	31515	3	gain
18	31515	216403	1	loss
18	216403	285736	3	gain
18	285736	987470	1	loss
18	1283711	2395140	1	loss
18	2466574	2531705	4	gain
18	2531705	3077965	1	loss
18	3077965	3115783	3	gain
18	3115783	3460347	1	loss
18	3460347	3496064	3	gain
18	3496064	3939375	1	loss
18	4054930	4893229	1	loss
18	5414277	5500418	3	gain
18	5500418	5857588	1	loss
18	5857588	5992052	3	gain
18	5992052	6481585	1	loss
18	6481585	6599241	3	gain
18	6599241	7082471	6	gain
18	7082471	7422833	8	gain
18	7422833	7456449	4	gain
18	7456449	7561499	11	gain
18	7561499	7767397	5	gain
18	7767397	7817821	16	gain
18	7817821	7889255	3	gain
18	7889255	7994305	5	gain
18	7994305	8086749	3	gain
18	8086749	8437616	1	loss
18	8437616	8509050	4	gain
18	8609898	8790584	3	gain
18	8790584	9271713	1	loss
18	9271713	9353652	3	gain
18	9410379	9429288	6	gain
18	9429288	9452399	3	gain
18	9452399	9517530	8	gain
18	9517530	9565853	3	gain
18	9565853	9630984	6	gain
18	9694014	9838983	5	gain
18	10194052	10238173	5	gain
18	28132390	28153400	6	gain
18	89641266	89687488	0	loss
19	0	18909	1	loss
19	18909	33616	4	gain
19	33616	216403	1	loss
19	216403	285736	3	gain
19	285736	806784	1	loss
19	987470	1275307	3	gain
19	2082091	2399342	1	loss
19	2399342	2468675	3	gain
19	2468675	2529604	4	gain
19	2529604	3080066	1	loss
19	3080066	3107379	3	gain
19	3107379	3115783	8	gain
19	3239742	3351095	1	loss
19	3460347	3487660	6	gain
19	3487660	3914163	1	loss
19	4054930	4798684	1	loss
19	5414277	5506721	4	gain
19	5506721	5857588	1	loss
19	5857588	6061385	3	gain
19	6481585	6599241	3	gain
19	6599241	6685382	6	gain
19	6702190	6853462	4	gain
19	6853462	7038350	3	gain
19	7038350	7088774	1	loss
19	7156006	7200127	6	gain
19	7244248	7313581	5	gain
19	7353500	7416530	8	gain
19	7416530	7445944	3	gain
19	7445944	7511075	6	gain
19	7511075	7603519	4	gain
19	7641337	7658145	7	gain
19	7702266	7775801	3	gain
19	7775801	7803114	0	loss
19	7843033	7859841	6	gain
19	13229997	13503127	1	loss
19	14259487	14505304	0	loss
19	14887686	14942312	0	loss
19	16507557	16547476	0	loss
19	17228200	17389977	1	loss
19	38572259	38702521	3	gain
19	44280676	44457160	1	loss
19	57073665	57195523	1	loss
X	0	214302	4	gain
X	214302	451715	2	gain
X	451715	596684	4	gain
X	596684	937046	25	gain
X	937046	1054702	3	gain
X	1147146	1245893	3	gain
X	1245893	1281610	7	gain
X	1708113	1813163	4	gain
X	1813163	1890900	2	gain
X	1890900	2044273	10	gain
X	2044273	2580028	5	gain
X	2580028	2697684	2	gain
X	4407898	4508746	4	gain
X	4508746	4664220	2	gain
X	4783977	5065511	3	gain
X	5065511	5468903	4	gain
X	5468903	5584458	2	gain
X	5584458	5681104	4	gain
X	5952133	6044577	3	gain
X	6221061	6374434	4	gain
X	6374434	6620251	6	gain
X	6620251	6681180	3	gain
X	6990027	7078269	2	gain
X	7311480	7408126	3	gain
X	7408126	7506873	2	gain
X	7506873	7737983	4	gain
X	8053133	8141375	3	gain
X	8141375	8223314	6	gain
X	8223314	8464929	3	gain
X	8464929	8727554	4	gain
X	8727554	9055310	5	gain
X	9055310	9149855	3	gain
X	9149855	9338945	7	gain
X	9338945	9511227	3	gain
X	9511227	9561651	6	gain
X	9561651	9673004	4	gain
X	9673004	9702418	0	loss
X	9702418	9937730	3	gain
X	9937730	10252880	5	gain
X	10252880	10719302	3	gain
X	29472828	32353299	0	loss
X	36527986	36794813	2	gain
X	55256300	55390764	2	gain
X	56184942	56256376	3	gain
X	124240534	124774188	2	gain
X	124774188	124814107	4	gain
X	125196489	125959152	0	loss
X	149429423	149773987	2	gain
X	153910856	153925563	11	gain
X	170187303	170208313	7	gain
X	170208313	170407908	0	loss
X	170407908	170489847	3	gain
X	170489847	170718856	0	loss
Y	0	1077813	0	loss
Y	1077813	1498013	2	gain
Y	1498013	3897355	0	loss
Y	8836806	10696191	0	loss
Y	13030402	13229997	3	gain
Y	13229997	13650197	6	gain
Y	13650197	13839287	2	gain
Y	18514012	18667385	2	gain
Y	38273917	38429391	2	gain
Y	85746012	86193525	2	gain
Y	89870275	90074072	3	gain
Y	91891437	91899841	8	gain
Y	93427268	93458783	4	gain
Y	93483995	93528116	10	gain
Y	94713080	94942089	0	loss
