1	0	216000	6	gain
1	216000	1011000	3	gain
1	1011000	1296000	6	gain
1	1296000	1752000	4	gain
1	1863000	2316000	12	gain
1	2316000	2349000	3	gain
1	2349000	2538000	8	gain
1	2613000	3777000	11	gain
1	3777000	3876000	3	gain
1	3876000	3990000	7	gain
1	3990000	4422000	4	gain
1	4422000	4617000	10	gain
1	4617000	4671000	4	gain
1	4671000	4824000	8	gain
1	4824000	5430000	3	gain
1	5430000	5847000	5	gain
1	5847000	6513000	4	gain
1	6513000	6819000	5	gain
1	6819000	7359000	12	gain
1	7359000	7713000	5	gain
1	7713000	8046000	9	gain
1	8259000	8442000	6	gain
1	8442000	8730000	1	loss
1	8730000	8883000	4	gain
1	9198000	9276000	0	loss
1	9471000	9573000	4	gain
1	9930000	10020000	0	loss
1	10254000	10332000	4	gain
1	10554000	10875000	4	gain
1	11019000	11091000	10	gain
1	11193000	11274000	5	gain
1	11274000	11652000	3	gain
1	93663000	95322000	13	gain
1	95322000	95361000	3	gain
1	95361000	96855000	11	gain
1	96855000	97299000	18	gain
1	183207000	183282000	7	gain
1	185220000	185289000	0	loss
1	185610000	185685000	6	gain
1	189561000	189762000	5	gain
2	0	153000	6	gain
2	249000	291000	7	gain
2	387000	474000	4	gain
2	474000	609000	1	loss
2	987000	1302000	4	gain
2	2046000	2082000	5	gain
2	2400000	2541000	4	gain
2	2541000	3081000	1	loss
2	3081000	3240000	3	gain
2	3240000	3351000	1	loss
2	3351000	3459000	4	gain
2	3459000	3498000	9	gain
2	3498000	3918000	1	loss
2	3918000	4125000	3	gain
2	4125000	4767000	1	loss
2	5412000	5505000	5	gain
2	5505000	5859000	1	loss
2	5859000	6030000	4	gain
2	6393000	6822000	3	gain
2	6822000	7176000	1	loss
2	7323000	7464000	4	gain
2	7464000	7860000	1	loss
2	7860000	8100000	10	gain
2	8100000	8331000	6	gain
2	8331000	8376000	3	gain
2	8376000	8604000	12	gain
2	8604000	8685000	6	gain
2	8685000	8943000	3	gain
2	8943000	9036000	1	loss
2	9294000	9453000	5	gain
2	9453000	9597000	3	gain
2	9597000	9624000	8	gain
2	9819000	11250000	1	loss
2	11250000	11433000	3	gain
2	11433000	11526000	1	loss
2	11526000	11535000	6	gain
2	11535000	12048000	1	loss
2	12624000	12711000	0	loss
2	76836000	76845000	10	gain
2	97863000	97923000	0	loss
2	110007000	110334000	1	loss
2	160857000	161049000	0	loss
2	184602000	184725000	3	gain
2	184725000	184881000	8	gain
2	184881000	184929000	4	gain
2	184929000	185436000	1	loss
2	185436000	185730000	3	gain
2	185730000	185841000	1	loss
2	185841000	185943000	4	gain
2	185943000	185985000	11	gain
2	185985000	186141000	3	gain
2	186141000	186195000	5	gain
3	0	69000	3	gain
3	69000	87000	8	gain
3	147000	153000	12	gain
3	198000	207000	5	gain
3	207000	246000	1	loss
3	246000	303000	4	gain
3	354000	387000	4	gain
3	387000	576000	1	loss
3	576000	627000	5	gain
3	627000	639000	1	loss
3	639000	711000	3	gain
3	711000	771000	6	gain
3	843000	870000	5	gain
3	870000	903000	1	loss
3	903000	933000	8	gain
3	933000	969000	4	gain
3	1017000	1113000	3	gain
3	1113000	1551000	1	loss
3	1551000	1560000	6	gain
3	1560000	1773000	1	loss
3	1773000	1794000	3	gain
3	1794000	1974000	8	gain
3	1974000	2097000	3	gain
3	2097000	2115000	5	gain
3	2139000	2493000	5	gain
3	2493000	2601000	4	gain
3	2601000	2679000	1	loss
3	2679000	2778000	5	gain
3	2778000	2874000	1	loss
3	2874000	2895000	3	gain
3	2895000	3003000	1	loss
3	3003000	3027000	4	gain
3	3027000	3054000	3	gain
3	3054000	3162000	4	gain
3	3198000	3219000	4	gain
3	3219000	3249000	1	loss
3	3249000	3324000	5	gain
3	3378000	3399000	7	gain
3	3399000	3543000	1	loss
3	3543000	3552000	4	gain
3	3552000	3795000	0	loss
3	3795000	3798000	7	gain
3	3798000	3918000	1	loss
3	3918000	3993000	3	gain
3	3993000	4035000	5	gain
3	4035000	4104000	3	gain
3	4104000	4113000	6	gain
3	4113000	4188000	0	loss
3	4188000	4260000	5	gain
3	4299000	4317000	7	gain
3	4317000	4458000	1	loss
3	4458000	4464000	6	gain
3	4464000	4926000	1	loss
3	4926000	4935000	5	gain
3	4935000	5043000	1	loss
3	5043000	5064000	4	gain
3	5064000	5151000	1	loss
3	5151000	5241000	3	gain
3	5241000	5253000	8	gain
3	17655000	18189000	1	loss
3	66648000	66738000	4	gain
3	66798000	66885000	0	loss
3	67056000	67092000	0	loss
3	93447000	93684000	1	loss
3	94479000	94692000	1	loss
3	96180000	96777000	1	loss
3	97248000	97257000	7	gain
3	101010000	101133000	0	loss
3	102258000	102261000	54	gain
3	108702000	108768000	1	loss
3	108768000	108858000	4	gain
3	108858000	108957000	1	loss
3	108957000	109044000	5	gain
4	0	120000	1	loss
4	120000	156000	6	gain
4	156000	225000	3	gain
4	225000	351000	1	loss
4	351000	513000	5	gain
4	513000	540000	11	gain
4	540000	1587000	1	loss
4	1587000	1743000	8	gain
4	1743000	1887000	5	gain
4	1887000	1965000	13	gain
4	1965000	2337000	3	gain
4	41562000	41787000	4	gain
4	41787000	42015000	3	gain
4	48615000	48660000	6	gain
4	59367000	59601000	1	loss
4	59730000	60060000	1	loss
4	60312000	60690000	1	loss
4	61173000	61248000	0	loss
4	111255000	111801000	0	loss
4	111975000	112845000	1	loss
4	121077000	121542000	0	loss
4	142536000	142749000	7	gain
4	142749000	142911000	4	gain
4	142911000	143106000	3	gain
4	143379000	143409000	6	gain
4	144282000	144435000	9	gain
4	144435000	144501000	4	gain
4	144891000	145134000	5	gain
4	145134000	145308000	3	gain
4	145626000	145668000	5	gain
4	145704000	145752000	5	gain
4	146361000	146511000	3	gain
4	146511000	146607000	6	gain
4	146661000	146763000	4	gain
4	146841000	147327000	4	gain
4	147423000	147555000	6	gain
4	147555000	147627000	3	gain
4	147627000	147759000	7	gain
4	147759000	147966000	4	gain
4	148065000	148158000	6	gain
4	148158000	148269000	4	gain
4	148269000	148353000	1	loss
4	148353000	148470000	5	gain
4	148515000	148647000	6	gain
4	148710000	148827000	4	gain
4	149094000	149139000	4	gain
4	149256000	149316000	4	gain
4	149382000	149508000	4	gain
5	0	18000	4	gain
5	18000	33000	10	gain
5	33000	138000	4	gain
5	222000	291000	6	gain
5	291000	987000	1	loss
5	1494000	2400000	1	loss
5	2400000	2532000	4	gain
5	2532000	3459000	1	loss
5	3459000	3492000	5	gain
5	3492000	3918000	1	loss
5	3918000	4056000	3	gain
5	4056000	5859000	1	loss
5	5859000	5988000	3	gain
5	5988000	6393000	1	loss
5	6480000	6567000	6	gain
5	6567000	6723000	3	gain
5	6723000	6789000	6	gain
5	6948000	7356000	1	loss
5	7356000	7410000	4	gain
5	7575000	7617000	6	gain
5	7674000	7689000	6	gain
5	7689000	7728000	1	loss
5	7728000	7782000	3	gain
5	7782000	7836000	5	gain
5	7890000	7932000	5	gain
5	7932000	7995000	1	loss
5	7995000	8172000	4	gain
5	8172000	8355000	3	gain
5	8355000	8391000	6	gain
5	8391000	8514000	3	gain
5	8514000	8592000	4	gain
5	8592000	8664000	1	loss
5	8664000	8838000	3	gain
5	8838000	8889000	1	loss
5	8889000	8970000	3	gain
5	16848000	17106000	1	loss
5	17106000	17214000	3	gain
5	17214000	17826000	1	loss
5	17826000	17898000	4	gain
5	20877000	21861000	1	loss
5	22086000	22263000	1	loss
5	22344000	22956000	1	loss
5	22956000	23064000	3	gain
5	23064000	23550000	1	loss
5	23619000	23649000	5	gain
5	23880000	24240000	1	loss
5	24240000	24345000	3	gain
5	34695000	34917000	3	gain
5	34917000	35007000	4	gain
5	97038000	97074000	4	gain
5	102717000	106536000	0	loss
5	115344000	115524000	1	loss
5	115917000	115974000	0	loss
5	119574000	119868000	0	loss
5	156165000	156237000	1	loss
5	156237000	156300000	4	gain
5	156300000	156393000	6	gain
5	156393000	156447000	3	gain
6	0	576000	6	gain
6	576000	930000	25	gain
6	951000	969000	6	gain
6	969000	1035000	1	loss
6	1035000	1104000	3	gain
6	1104000	1716000	1	loss
6	1716000	1836000	6	gain
6	1836000	2115000	1	loss
6	2115000	2199000	7	gain
6	2199000	2418000	4	gain
6	2418000	2583000	1	loss
6	2760000	2826000	1	loss
6	2847000	2889000	8	gain
6	2889000	3072000	4	gain
6	3072000	3135000	9	gain
6	3135000	3165000	3	gain
6	3165000	3753000	8	gain
6	3798000	3894000	7	gain
6	3894000	4008000	3	gain
6	4008000	4101000	7	gain
6	4101000	4287000	3	gain
6	48906000	48951000	0	loss
6	49527000	49803000	1	loss
6	62088000	62478000	0	loss
6	62478000	62535000	3	gain
6	70293000	70452000	3	gain
6	71751000	71841000	4	gain
6	72204000	72288000	4	gain
6	88998000	89073000	4	gain
6	116601000	116685000	4	gain
6	130989000	131139000	4	gain
6	132738000	132855000	4	gain
6	132855000	133044000	1	loss
6	133044000	133170000	3	gain
6	135435000	135678000	3	gain
7	0	258000	3	gain
7	978000	1536000	4	gain
7	1536000	1584000	1	loss
7	1584000	1869000	4	gain
7	1869000	1965000	1	loss
7	1965000	2277000	3	gain
7	2277000	2778000	10	gain
7	2778000	2916000	4	gain
7	2916000	4158000	18	gain
7	4158000	4908000	4	gain
7	4908000	5283000	7	gain
7	5382000	5553000	5	gain
7	5553000	6597000	1	loss
7	6597000	7737000	7	gain
7	7737000	7773000	3	gain
7	7773000	7869000	7	gain
7	7869000	8043000	3	gain
7	8043000	9756000	1	loss
7	9756000	9822000	6	gain
7	9822000	9963000	3	gain
7	9963000	11688000	1	loss
7	12588000	12642000	5	gain
7	12642000	12879000	1	loss
7	12879000	13167000	4	gain
7	13167000	13317000	1	loss
7	13317000	13365000	5	gain
7	13365000	13920000	0	loss
7	13920000	14172000	6	gain
7	14172000	14415000	3	gain
7	14415000	14457000	1	loss
7	14457000	14814000	7	gain
7	14814000	15102000	3	gain
7	15102000	15333000	7	gain
7	15333000	15963000	5	gain
7	16035000	17334000	5	gain
7	17703000	17829000	4	gain
7	22380000	22782000	4	gain
7	22782000	23103000	3	gain
7	23103000	23289000	5	gain
7	23289000	24861000	3	gain
7	24861000	24942000	6	gain
7	25659000	26013000	1	loss
7	32505000	32820000	1	loss
7	35304000	35313000	11	gain
7	35313000	35943000	0	loss
7	36900000	36996000	7	gain
7	44910000	46527000	1	loss
7	51528000	51669000	6	gain
7	54456000	54576000	4	gain
7	60999000	61116000	6	gain
7	61116000	61317000	1	loss
7	64293000	64350000	4	gain
7	74157000	74268000	0	loss
7	92727000	93069000	1	loss
7	119595000	120060000	1	loss
8	0	84000	4	gain
8	198000	276000	5	gain
8	276000	441000	1	loss
8	441000	450000	14	gain
8	450000	1842000	1	loss
8	1842000	1890000	3	gain
8	1947000	2103000	4	gain
8	2103000	2784000	1	loss
8	2784000	2937000	3	gain
8	2937000	3093000	6	gain
8	3093000	3330000	4	gain
8	3330000	4371000	0	loss
8	4371000	4401000	6	gain
8	4419000	5163000	6	gain
8	5163000	5199000	3	gain
8	5199000	5724000	8	gain
8	5724000	5871000	3	gain
8	5871000	7770000	1	loss
8	7770000	7950000	3	gain
8	7950000	8016000	7	gain
8	8226000	9033000	1	loss
8	9033000	9045000	7	gain
8	9045000	9135000	3	gain
8	9135000	9336000	4	gain
8	9336000	9504000	0	loss
8	9504000	9546000	5	gain
8	9546000	10083000	0	loss
8	10083000	10206000	5	gain
8	10206000	12303000	1	loss
8	12303000	12360000	4	gain
8	12360000	12609000	0	loss
8	12609000	12642000	3	gain
8	12642000	12903000	1	loss
8	29130000	29202000	4	gain
8	29298000	29346000	8	gain
8	29346000	29595000	4	gain
8	29595000	29790000	3	gain
8	29790000	30450000	4	gain
8	30450000	30543000	7	gain
8	30543000	31293000	4	gain
8	31428000	31497000	5	gain
8	31497000	31785000	3	gain
8	31845000	32067000	4	gain
8	32175000	32535000	3	gain
8	32940000	33267000	0	loss
8	38949000	39030000	4	gain
8	83445000	83790000	1	loss
8	135462000	135588000	1	loss
9	0	177000	7	gain
9	177000	195000	1	loss
9	195000	228000	7	gain
9	228000	513000	1	loss
9	513000	747000	10	gain
9	747000	855000	3	gain
9	855000	876000	1	loss
9	876000	933000	5	gain
9	972000	1065000	5	gain
9	1107000	1197000	7	gain
9	1215000	1917000	7	gain
9	1974000	2790000	6	gain
9	2880000	2955000	5	gain
9	3087000	3456000	6	gain
9	3456000	3750000	7	gain
9	3750000	3807000	3	gain
9	3807000	4755000	5	gain
9	4755000	5775000	3	gain
9	5775000	6021000	7	gain
9	6021000	6189000	4	gain
9	6189000	6300000	6	gain
9	6300000	6351000	1	loss
9	6351000	7350000	3	gain
9	7479000	7986000	3	gain
9	7986000	8739000	1	loss
9	8739000	8766000	3	gain
9	8766000	8970000	1	loss
9	8970000	8985000	7	gain
9	8985000	9462000	3	gain
9	9462000	10047000	8	gain
9	10047000	10482000	1	loss
9	10839000	10914000	7	gain
9	10914000	11043000	3	gain
9	11043000	11118000	5	gain
9	41052000	41064000	8	gain
9	131784000	131802000	13	gain
10	0	231000	1	loss
10	303000	417000	19	gain
10	417000	594000	1	loss
10	594000	621000	8	gain
10	747000	876000	5	gain
10	876000	918000	0	loss
10	918000	987000	4	gain
10	987000	1005000	1	loss
10	1005000	1035000	6	gain
10	1035000	1059000	0	loss
10	1059000	1188000	6	gain
10	1188000	1266000	3	gain
10	1266000	1683000	7	gain
10	1707000	2001000	8	gain
10	2001000	2466000	5	gain
10	2466000	2733000	1	loss
10	2733000	2745000	6	gain
10	2745000	3372000	3	gain
10	3372000	3648000	4	gain
10	3648000	3660000	1	loss
10	3660000	3765000	5	gain
10	3810000	3831000	6	gain
10	3870000	3984000	5	gain
10	4218000	4332000	5	gain
10	4551000	4818000	6	gain
10	4818000	5106000	4	gain
10	5106000	5217000	6	gain
10	5217000	5490000	1	loss
10	5490000	5514000	6	gain
10	5907000	6234000	3	gain
10	6234000	6324000	6	gain
10	6324000	6351000	1	loss
10	6351000	6441000	5	gain
10	6441000	6582000	3	gain
10	6582000	6657000	5	gain
10	6888000	7023000	5	gain
10	7242000	7752000	6	gain
10	7752000	7890000	0	loss
10	7890000	7977000	3	gain
10	7977000	8067000	1	loss
10	8067000	8079000	9	gain
10	8079000	8286000	0	loss
10	8286000	8547000	3	gain
10	27609000	27894000	5	gain
10	27894000	27930000	3	gain
10	63501000	63591000	3	gain
10	105792000	105831000	6	gain
10	123720000	123816000	1	loss
10	127524000	127536000	9	gain
11	0	93000	5	gain
11	162000	378000	6	gain
11	378000	828000	3	gain
11	828000	1239000	4	gain
11	1239000	1557000	3	gain
11	1557000	1701000	7	gain
11	1701000	2085000	4	gain
11	2139000	2394000	5	gain
11	2394000	2715000	3	gain
11	2715000	3279000	7	gain
11	3405000	3534000	4	gain
11	3534000	3741000	3	gain
11	3741000	4011000	4	gain
11	4011000	4512000	7	gain
11	4512000	4551000	0	loss
11	4551000	5631000	8	gain
11	5667000	6435000	5	gain
11	6495000	6858000	5	gain
11	6948000	7104000	4	gain
11	7104000	8577000	8	gain
11	8577000	9180000	6	gain
11	9180000	9237000	3	gain
11	9237000	10314000	7	gain
11	10314000	10506000	3	gain
11	10506000	10710000	7	gain
11	10710000	11160000	3	gain
11	78966000	79101000	0	loss
11	91488000	91509000	6	gain
12	0	90000	1	loss
12	90000	120000	6	gain
12	120000	360000	0	loss
12	360000	462000	3	gain
12	462000	519000	8	gain
12	519000	606000	0	loss
12	606000	765000	5	gain
12	993000	1029000	16	gain
12	1524000	1566000	7	gain
12	1566000	2706000	3	gain
12	2706000	2844000	5	gain
12	2844000	3447000	3	gain
12	19539000	19842000	1	loss
12	19842000	20031000	5	gain
12	20031000	20253000	3	gain
12	20253000	20661000	5	gain
12	20661000	20805000	8	gain
12	21219000	21864000	1	loss
12	21864000	22098000	4	gain
12	22260000	22563000	4	gain
12	24075000	24696000	1	loss
12	24696000	24825000	5	gain
12	25437000	25989000	1	loss
12	61839000	61947000	0	loss
12	105399000	105435000	5	gain
12	105504000	105567000	5	gain
12	115266000	115479000	3	gain
12	116523000	116574000	5	gain
12	116784000	116985000	4	gain
12	116985000	117243000	3	gain
12	117243000	117387000	5	gain
13	0	63000	5	gain
13	246000	411000	6	gain
13	411000	804000	3	gain
13	804000	1236000	4	gain
13	1236000	1419000	8	gain
13	1419000	2115000	4	gain
13	2190000	2598000	6	gain
13	2598000	2691000	3	gain
13	2691000	3210000	8	gain
13	3354000	3558000	4	gain
13	3558000	4485000	3	gain
13	4485000	4587000	5	gain
13	5394000	5598000	4	gain
13	5970000	6072000	4	gain
13	7422000	7563000	4	gain
13	7563000	8049000	3	gain
13	8049000	8223000	4	gain
13	9546000	9981000	3	gain
13	9981000	10950000	1	loss
13	30981000	31065000	0	loss
13	41568000	41913000	1	loss
13	41913000	41973000	4	gain
13	69918000	70365000	1	loss
13	70365000	70479000	4	gain
13	70479000	70824000	3	gain
13	73767000	73833000	6	gain
13	73833000	73893000	1	loss
13	73893000	74103000	4	gain
13	74256000	74340000	5	gain
13	74601000	74721000	1	loss
13	74721000	74790000	4	gain
13	74790000	74907000	1	loss
13	74907000	75018000	6	gain
13	76293000	76380000	4	gain
13	127866000	128175000	3	gain
14	0	2400000	1	loss
14	2400000	2541000	4	gain
14	2541000	5946000	1	loss
14	5946000	6111000	3	gain
14	6222000	6657000	4	gain
14	6657000	6957000	3	gain
14	6957000	7065000	4	gain
14	7065000	7326000	8	gain
14	7326000	7446000	3	gain
14	7446000	7755000	7	gain
14	7755000	7908000	3	gain
14	7908000	8388000	5	gain
14	8388000	8910000	3	gain
14	8910000	9090000	5	gain
14	9090000	9432000	4	gain
14	9432000	9507000	8	gain
14	9507000	9675000	4	gain
14	9675000	10758000	6	gain
14	10836000	11094000	4	gain
14	22680000	22965000	1	loss
14	23595000	23667000	4	gain
14	23667000	25260000	1	loss
14	25260000	25308000	5	gain
14	25686000	25851000	4	gain
14	26172000	27243000	1	loss
14	33537000	33816000	1	loss
14	50919000	51498000	1	loss
14	51498000	51651000	4	gain
14	51651000	52647000	0	loss
14	59517000	59742000	4	gain
14	61437000	61578000	3	gain
15	0	24000	1	loss
15	24000	33000	6	gain
15	33000	258000	1	loss
15	258000	291000	3	gain
15	291000	2400000	1	loss
15	2400000	2541000	4	gain
15	2541000	3456000	1	loss
15	3510000	3945000	0	loss
15	3945000	3960000	4	gain
15	4056000	5859000	1	loss
15	5988000	6393000	1	loss
15	6393000	6399000	5	gain
15	6480000	6540000	6	gain
15	6540000	6660000	4	gain
15	6660000	7032000	7	gain
15	7032000	7242000	4	gain
15	7242000	7422000	7	gain
15	7476000	7545000	1	loss
15	7545000	7599000	5	gain
15	7653000	7662000	6	gain
15	8046000	8070000	7	gain
15	8070000	8196000	3	gain
15	8196000	8253000	7	gain
15	8736000	8742000	8	gain
15	8742000	8862000	1	loss
15	105570000	105573000	171	gain
16	0	192000	3	gain
16	192000	324000	1	loss
16	324000	363000	3	gain
16	363000	450000	0	loss
16	789000	810000	21	gain
16	810000	1026000	1	loss
16	1026000	1290000	6	gain
16	1290000	1473000	3	gain
16	1473000	1743000	6	gain
16	1743000	1890000	3	gain
16	1890000	1914000	6	gain
16	1914000	2001000	1	loss
16	2001000	2235000	4	gain
16	2508000	3237000	3	gain
16	3501000	3624000	4	gain
16	4608000	4932000	4	gain
16	4932000	5028000	3	gain
16	5028000	5088000	7	gain
16	5142000	5556000	5	gain
16	5556000	5706000	3	gain
16	5706000	5775000	10	gain
16	5775000	6300000	4	gain
16	6300000	6543000	9	gain
16	6543000	7647000	4	gain
16	7647000	8658000	8	gain
16	8658000	8763000	3	gain
16	8763000	9093000	10	gain
16	9093000	9204000	3	gain
16	9204000	9927000	7	gain
16	9945000	10770000	10	gain
16	10818000	11673000	4	gain
16	11742000	11967000	6	gain
16	12801000	12960000	3	gain
16	13068000	13182000	4	gain
16	13287000	13401000	4	gain
16	13506000	13620000	4	gain
16	13722000	13842000	4	gain
16	13941000	14061000	4	gain
16	14166000	14274000	4	gain
16	14385000	14493000	4	gain
16	24480000	24741000	3	gain
17	0	24000	1	loss
17	24000	33000	8	gain
17	33000	2400000	1	loss
17	2400000	2541000	4	gain
17	2541000	3510000	1	loss
17	3510000	3945000	0	loss
17	3945000	4056000	3	gain
17	4056000	5859000	1	loss
17	5859000	5988000	3	gain
17	5988000	6378000	1	loss
17	6378000	6984000	3	gain
17	6984000	7023000	7	gain
17	7023000	8040000	3	gain
17	8040000	8343000	4	gain
17	8343000	9009000	10	gain
17	9009000	9042000	3	gain
17	9042000	9639000	9	gain
17	9726000	9771000	9	gain
17	9843000	10179000	5	gain
17	10305000	10920000	3	gain
17	10920000	12264000	1	loss
17	12264000	12321000	6	gain
17	15597000	15699000	5	gain
17	15699000	16092000	3	gain
17	22434000	22593000	4	gain
17	22593000	22779000	1	loss
17	22779000	22905000	4	gain
17	26577000	26814000	3	gain
17	28533000	28986000	0	loss
17	32118000	32256000	4	gain
17	32517000	32742000	0	loss
17	40821000	40941000	4	gain
17	44859000	44907000	5	gain
17	48138000	48315000	4	gain
17	84072000	84330000	1	loss
18	0	987000	1	loss
18	987000	1290000	3	gain
18	2400000	2541000	4	gain
18	2541000	3081000	1	loss
18	3081000	3183000	3	gain
18	3183000	3351000	1	loss
18	3351000	3462000	3	gain
18	3462000	3498000	6	gain
18	3498000	3945000	1	loss
18	3945000	3963000	5	gain
18	3963000	4056000	3	gain
18	4056000	4767000	1	loss
18	5415000	5505000	4	gain
18	5505000	5859000	1	loss
18	5859000	5991000	4	gain
18	6480000	7818000	14	gain
18	7818000	7995000	5	gain
18	7995000	8148000	3	gain
18	8424000	8508000	5	gain
18	8610000	8775000	5	gain
18	9270000	9411000	3	gain
18	9411000	9861000	7	gain
18	10191000	10239000	5	gain
18	28131000	28152000	5	gain
19	18000	33000	8	gain
19	258000	291000	3	gain
19	291000	816000	1	loss
19	816000	906000	3	gain
19	906000	987000	1	loss
19	987000	1113000	6	gain
19	1113000	1152000	3	gain
19	1152000	1173000	7	gain
19	1173000	1197000	3	gain
19	1197000	1284000	6	gain
19	1284000	1917000	3	gain
19	1917000	1935000	5	gain
19	1935000	1968000	1	loss
19	1968000	2046000	3	gain
19	2046000	2070000	6	gain
19	2181000	2400000	1	loss
19	2400000	2541000	4	gain
19	2541000	3081000	1	loss
19	3081000	3141000	4	gain
19	3240000	3351000	1	loss
19	3351000	3453000	3	gain
19	3453000	3498000	6	gain
19	3498000	3915000	1	loss
19	3915000	3945000	3	gain
19	3945000	3966000	5	gain
19	3966000	4056000	3	gain
19	4056000	4644000	1	loss
19	4644000	4674000	4	gain
19	4674000	4767000	1	loss
19	4767000	4986000	3	gain
19	5124000	5280000	3	gain
19	5280000	5292000	7	gain
19	5292000	5376000	3	gain
19	5376000	5382000	7	gain
19	5412000	5505000	5	gain
19	5505000	5652000	1	loss
19	5805000	5859000	1	loss
19	5859000	5988000	5	gain
19	6003000	6069000	4	gain
19	6114000	6144000	3	gain
19	6453000	6480000	4	gain
19	6480000	6687000	8	gain
19	6693000	6798000	6	gain
19	6798000	6816000	3	gain
19	6816000	6849000	5	gain
19	6849000	7038000	4	gain
19	7038000	7107000	1	loss
19	7107000	7158000	3	gain
19	7158000	7200000	6	gain
19	7242000	7302000	5	gain
19	7365000	7410000	5	gain
19	7410000	7476000	3	gain
19	7476000	7494000	7	gain
19	7587000	7605000	5	gain
19	7767000	7776000	5	gain
19	7776000	7803000	0	loss
19	7974000	7986000	6	gain
19	11877000	11895000	8	gain
19	14259000	14505000	0	loss
19	14826000	14886000	3	gain
19	14886000	14943000	0	loss
19	18360000	18420000	4	gain
19	18603000	18687000	3	gain
19	38616000	38871000	1	loss
19	44280000	44352000	0	loss
19	44427000	44454000	0	loss
19	44931000	44997000	4	gain
19	57075000	57192000	1	loss
X	0	576000	4	gain
X	576000	939000	23	gain
X	939000	1050000	3	gain
X	1050000	1149000	1	loss
X	1149000	1287000	5	gain
X	1287000	1680000	1	loss
X	1680000	1824000	4	gain
X	1890000	2580000	8	gain
X	2580000	2697000	4	gain
X	3996000	4128000	1	loss
X	4128000	4407000	3	gain
X	4407000	4512000	5	gain
X	4512000	4878000	3	gain
X	4878000	5409000	5	gain
X	5409000	6045000	3	gain
X	6045000	6219000	1	loss
X	6219000	6681000	7	gain
X	7005000	7089000	5	gain
X	7089000	7506000	3	gain
X	7506000	7758000	5	gain
X	7758000	8142000	1	loss
X	8142000	8160000	6	gain
X	8724000	9312000	5	gain
X	9702000	9942000	3	gain
X	9942000	10242000	5	gain
X	10242000	10719000	3	gain
X	29901000	31587000	0	loss
X	32079000	32355000	0	loss
X	36528000	36795000	4	gain
X	38547000	38787000	1	loss
X	56181000	56259000	5	gain
X	95958000	96129000	1	loss
X	124254000	124701000	3	gain
X	124701000	124926000	6	gain
X	124926000	125343000	3	gain
X	125343000	125907000	1	loss
X	147855000	148491000	1	loss
X	148491000	148797000	4	gain
X	148797000	149433000	1	loss
X	149433000	149877000	3	gain
X	169824000	170983574	1	loss
