1	0	216181	7	gain
1	269619	308483	7	gain
1	308483	1010464	3	gain
1	1010464	1297086	6	gain
1	1297086	1751309	3	gain
1	1863043	2317266	12	gain
1	2317266	2348843	3	gain
1	2348843	2538305	8	gain
1	2613604	3743089	12	gain
1	3743089	3888829	4	gain
1	3888829	3990847	7	gain
1	3990847	4420780	5	gain
1	4420780	4823994	9	gain
1	4823994	5428815	3	gain
1	5428815	5849032	5	gain
1	5849032	6514578	4	gain
1	6514578	6820632	6	gain
1	6820632	7372015	12	gain
1	7372015	7714504	5	gain
1	7714504	8064280	9	gain
1	8261029	8443204	6	gain
1	8443204	8729826	1	loss
1	8729826	8882853	4	gain
1	9198623	9286067	0	loss
1	9286067	9572689	3	gain
1	9932181	10019625	0	loss
1	10252809	10330537	4	gain
1	10554005	10874633	4	gain
1	11017944	11090814	8	gain
1	11192832	11282705	5	gain
1	11282705	11685919	3	gain
1	93659811	96810224	11	gain
1	96810224	97298453	15	gain
1	183207325	183282624	8	gain
1	185213679	185612035	1	loss
1	185612035	185684905	6	gain
1	189559160	189760767	4	gain
2	0	153027	5	gain
2	250187	289051	7	gain
2	388640	476084	3	gain
2	476084	607250	1	loss
2	986174	1294657	4	gain
2	2037931	2088940	4	gain
2	2399852	2531018	4	gain
2	2531018	3079972	1	loss
2	3079972	3240286	3	gain
2	3240286	3349591	1	loss
2	3349591	3458896	3	gain
2	3458896	3497760	9	gain
2	3497760	3917977	1	loss
2	3917977	4126871	3	gain
2	4126871	4765698	1	loss
2	5414241	5506543	5	gain
2	5506543	5858748	1	loss
2	5858748	6038494	4	gain
2	6393128	6823061	3	gain
2	6823061	7177695	1	loss
2	7323435	7442456	4	gain
2	7442456	7860244	1	loss
2	7860244	8100715	9	gain
2	8100715	8331470	6	gain
2	8331470	8377621	3	gain
2	8377621	8686104	9	gain
2	8686104	8943578	3	gain
2	8943578	9035880	1	loss
2	9035880	9293354	3	gain
2	9293354	9453668	5	gain
2	9511964	9650417	4	gain
2	9820447	11246270	1	loss
2	11246270	11433303	3	gain
2	11433303	12047840	1	loss
2	12623513	12710957	0	loss
2	97861981	97922706	0	loss
2	110006981	110332467	1	loss
2	160860525	161047558	0	loss
2	184601571	184725450	3	gain
2	184725450	184880906	8	gain
2	184880906	184929486	4	gain
2	184929486	185429860	1	loss
2	185429860	185731056	3	gain
2	185731056	185840361	1	loss
2	185840361	185942379	4	gain
2	185942379	185990959	11	gain
2	185990959	186146415	3	gain
2	186146415	186192566	6	gain
3	0	85015	4	gain
3	143311	153027	6	gain
3	247758	303625	4	gain
3	354634	388640	4	gain
3	388640	575673	1	loss
3	575673	626682	5	gain
3	638827	711697	3	gain
3	711697	774851	6	gain
3	818573	869582	4	gain
3	903588	969171	6	gain
3	1017751	1110053	3	gain
3	1110053	1554560	1	loss
3	1554560	1559418	7	gain
3	1559418	1773170	1	loss
3	1773170	1795031	3	gain
3	1795031	1974777	8	gain
3	2096227	2113230	5	gain
3	2137520	2271115	4	gain
3	2271115	2343985	6	gain
3	2343985	2601459	4	gain
3	2601459	2679187	1	loss
3	2679187	2778776	5	gain
3	2778776	2873507	1	loss
3	2873507	2892939	3	gain
3	2892939	2992528	1	loss
3	2992528	3094546	3	gain
3	3094546	3162558	5	gain
3	3201422	3218425	4	gain
3	3218425	3247573	0	loss
3	3247573	3325301	5	gain
3	3378739	3398171	8	gain
3	3398171	3543911	1	loss
3	3543911	3551198	5	gain
3	3551198	3920406	1	loss
3	3920406	3993276	3	gain
3	3993276	4032140	5	gain
3	4032140	4119584	3	gain
3	4119584	4190025	0	loss
3	4190025	4258037	4	gain
3	4299330	4316333	9	gain
3	4316333	4457215	0	loss
3	4457215	4464502	4	gain
3	4464502	5045033	1	loss
3	5045033	5064465	6	gain
3	5064465	5149480	1	loss
3	5241782	5253927	9	gain
3	17653972	18185923	1	loss
3	66646902	66736775	4	gain
3	66797500	66884944	0	loss
3	67054974	67091409	0	loss
3	93446059	93684101	1	loss
3	94480813	94692136	1	loss
3	96181113	96778647	1	loss
3	97247444	97254731	8	gain
3	101009965	101133844	1	loss
3	108700179	108768191	1	loss
3	108768191	108855635	5	gain
3	108855635	108957653	1	loss
3	108957653	109045097	5	gain
4	0	121450	1	loss
4	121450	225897	3	gain
4	225897	349776	1	loss
4	349776	539238	5	gain
4	539238	1590995	1	loss
4	1590995	1744022	8	gain
4	1744022	1887333	4	gain
4	1887333	1965061	12	gain
4	1965061	2336698	3	gain
4	41562619	41788516	4	gain
4	41788516	42014413	3	gain
4	48614006	48660157	6	gain
4	59367189	59600373	1	loss
4	59729110	60061883	1	loss
4	60319357	60686136	1	loss
4	61171936	61247235	0	loss
4	111253058	111802012	0	loss
4	111974471	112846482	1	loss
4	121075934	121542302	0	loss
4	142536149	142749901	7	gain
4	142749901	142912644	4	gain
4	142912644	143106964	3	gain
4	143379012	143410589	6	gain
4	144282600	144435627	9	gain
4	144435627	144501210	4	gain
4	144889850	145132750	5	gain
4	145132750	145307638	4	gain
4	145625837	145667130	4	gain
4	145703565	145752145	6	gain
4	146361824	146509993	3	gain
4	146509993	146607153	6	gain
4	146660591	146762609	4	gain
4	146840337	147328566	4	gain
4	147420868	147554463	6	gain
4	147554463	147627333	3	gain
4	147627333	147758499	7	gain
4	147758499	147967393	4	gain
4	148064553	148149568	7	gain
4	148149568	148268589	4	gain
4	148268589	148353604	1	loss
4	148353604	148470196	4	gain
4	148470196	148513918	1	loss
4	148513918	148645084	6	gain
4	148710667	148824830	5	gain
4	149092020	149138171	5	gain
4	149257192	149315488	5	gain
4	149381071	149507379	5	gain
5	0	19432	3	gain
5	19432	34006	7	gain
5	34006	250187	3	gain
5	250187	291480	6	gain
5	291480	986174	1	loss
5	1493835	2399852	1	loss
5	2399852	2528589	4	gain
5	2528589	3458896	1	loss
5	3458896	3495331	4	gain
5	3495331	3917977	0	loss
5	4058859	5858748	1	loss
5	5858748	5992343	3	gain
5	5992343	6393128	1	loss
5	6480572	6558300	7	gain
5	6558300	6619025	4	gain
5	6619025	6723472	3	gain
5	6723472	6789055	6	gain
5	6949369	7355012	1	loss
5	7355012	7403592	3	gain
5	7573622	7612486	6	gain
5	7612486	7690214	3	gain
5	7690214	7729078	1	loss
5	7729078	7838383	4	gain
5	7889392	7930685	6	gain
5	7930685	7993839	1	loss
5	7993839	8312038	4	gain
5	8312038	8355760	3	gain
5	8355760	8392195	7	gain
5	8513645	8571941	4	gain
5	8664243	8839131	3	gain
5	8890140	8970297	3	gain
5	16847544	17105018	1	loss
5	17105018	17214323	3	gain
5	17214323	17824002	1	loss
5	17824002	17899301	3	gain
5	20899116	21861000	1	loss
5	22084468	22261785	1	loss
5	22344371	22956479	1	loss
5	22956479	23058497	3	gain
5	23058497	23549155	1	loss
5	23619596	23648744	5	gain
5	23879499	24241420	1	loss
5	24241420	24343438	3	gain
5	34693407	34916875	3	gain
5	34916875	35006748	4	gain
5	97036121	97072556	4	gain
5	102717552	106535940	0	loss
5	115343494	115525669	1	loss
5	115916738	115972605	0	loss
5	119572383	119868721	0	loss
5	156167697	156238138	1	loss
5	156238138	156298863	4	gain
5	156298863	156393594	6	gain
5	156393594	156447032	3	gain
6	0	599963	5	gain
6	599963	927878	25	gain
6	927878	969171	3	gain
6	1034754	1102766	3	gain
6	1102766	1717303	1	loss
6	1717303	1836324	6	gain
6	1836324	2113230	1	loss
6	2113230	2203103	6	gain
6	2203103	2416855	4	gain
6	2416855	2849217	1	loss
6	2849217	2888081	8	gain
6	2888081	3072685	4	gain
6	3072685	3752805	7	gain
6	3796527	3893687	6	gain
6	3893687	4007850	3	gain
6	4007850	4097723	6	gain
6	4097723	4287185	3	gain
6	49527310	49796929	1	loss
6	62087669	62476309	0	loss
6	70295260	70450716	3	gain
6	71750231	71840104	4	gain
6	72202025	72287040	4	gain
6	88998560	89071430	4	gain
6	116599287	116684302	3	gain
6	130988683	131139281	4	gain
6	132739992	132854155	4	gain
6	132854155	133043617	1	loss
6	133043617	133167496	3	gain
6	135436182	135676653	3	gain
7	0	262332	3	gain
7	976458	1535128	3	gain
7	1535128	1586137	1	loss
7	1586137	1867901	4	gain
7	1867901	1965061	1	loss
7	1965061	2275973	3	gain
7	2275973	2778776	9	gain
7	2778776	2914800	4	gain
7	2914800	4158448	17	gain
7	4158448	4906580	4	gain
7	4906580	5283075	7	gain
7	5283075	5385093	3	gain
7	5385093	5552694	6	gain
7	5552694	6597164	0	loss
7	6597164	7872389	7	gain
7	7872389	8044848	3	gain
7	8044848	9757293	1	loss
7	9757293	9820447	6	gain
7	9820447	9961329	3	gain
7	9961329	11688348	1	loss
7	12587078	12640516	4	gain
7	12640516	12880987	1	loss
7	12880987	13167609	4	gain
7	13167609	13318207	0	loss
7	13318207	13364358	5	gain
7	13364358	13920599	0	loss
7	13920599	14263088	5	gain
7	14263088	14457408	3	gain
7	14457408	14814471	7	gain
7	14814471	15101093	4	gain
7	15101093	15693769	6	gain
7	15693769	15968246	4	gain
7	15968246	16031400	1	loss
7	16031400	17333344	5	gain
7	17707410	17828860	4	gain
7	22378377	22779162	4	gain
7	22779162	23102219	3	gain
7	23102219	23296539	5	gain
7	23296539	24863244	3	gain
7	24863244	24940972	5	gain
7	25657527	26429949	1	loss
7	32504878	32820648	1	loss
7	35303086	35312802	10	gain
7	35312802	35944342	0	loss
7	36901368	36996099	7	gain
7	44909781	46527495	1	loss
7	51528806	51659972	6	gain
7	54455751	54574772	4	gain
7	60999477	61116069	5	gain
7	74157370	74269104	0	loss
7	92727075	93069564	1	loss
7	119594244	120058183	1	loss
8	0	85015	4	gain
8	199178	276906	5	gain
8	276906	1841182	1	loss
8	1979635	2103514	4	gain
8	2103514	2786063	1	loss
8	2786063	2936661	3	gain
8	2936661	3092117	6	gain
8	3092117	3332588	4	gain
8	3332588	4369771	0	loss
8	4369771	4401348	6	gain
8	4420780	5161625	6	gain
8	5161625	5198060	3	gain
8	5198060	5727582	8	gain
8	5727582	5870893	3	gain
8	5870893	7770371	1	loss
8	7770371	7950117	3	gain
8	7950117	8015700	7	gain
8	8227023	8734684	1	loss
8	8734684	8741971	6	gain
8	8741971	9033451	1	loss
8	9033451	9334647	4	gain
8	9334647	9504677	0	loss
8	9504677	9548399	4	gain
8	9548399	10082779	0	loss
8	10082779	10206658	5	gain
8	10206658	11231696	1	loss
8	11231696	11552324	0	loss
8	11552324	12302885	1	loss
8	12302885	12361181	3	gain
8	12361181	12611368	0	loss
8	12611368	12640516	4	gain
8	12640516	12902848	1	loss
8	29128568	29201438	4	gain
8	29298598	29344749	7	gain
8	29344749	29594936	4	gain
8	29594936	29789256	3	gain
8	29789256	30449944	4	gain
8	30449944	30530101	7	gain
8	30530101	31292807	4	gain
8	31426402	31545423	4	gain
8	31615864	31781036	3	gain
8	31846619	32067658	4	gain
8	32174534	32534026	3	gain
8	32942098	33267584	0	loss
8	38951444	39031601	5	gain
8	83445866	83790784	1	loss
8	135462901	135591638	1	loss
9	0	177317	6	gain
9	177317	196749	1	loss
9	196749	228326	7	gain
9	228326	512519	1	loss
9	512519	539238	8	gain
9	558670	672833	13	gain
9	672833	682549	1	loss
9	682549	767564	9	gain
9	767564	855008	3	gain
9	855008	876869	1	loss
9	876869	930307	5	gain
9	966742	1063902	5	gain
9	1107624	1165920	9	gain
9	1165920	1214500	3	gain
9	1214500	1918910	7	gain
9	1972348	2181242	6	gain
9	2181242	2241967	4	gain
9	2241967	2790921	6	gain
9	2878365	2956093	6	gain
9	3087259	3206280	6	gain
9	3206280	3254860	3	gain
9	3254860	3349591	8	gain
9	3349591	3371452	3	gain
9	3371452	3760092	7	gain
9	3806243	3922835	6	gain
9	3922835	3988418	3	gain
9	3988418	4134158	7	gain
9	4134158	4753553	5	gain
9	4753553	5001311	3	gain
9	5137335	5710579	3	gain
9	5768875	6019062	7	gain
9	6019062	6189092	4	gain
9	6189092	6300826	6	gain
9	6300826	6373696	1	loss
9	6373696	6762336	4	gain
9	6762336	6934795	3	gain
9	6934795	7082964	4	gain
9	7119399	7347725	3	gain
9	7498323	7537187	5	gain
9	7537187	7986552	3	gain
9	7986552	8739542	1	loss
9	8739542	8766261	4	gain
9	8766261	8970297	1	loss
9	8970297	8987300	6	gain
9	8987300	9038309	1	loss
9	9038309	9103892	4	gain
9	9103892	9150043	1	loss
9	9150043	9499819	3	gain
9	9499819	10046344	8	gain
9	10046344	10483564	1	loss
9	10838198	10945074	5	gain
9	11032518	11134536	5	gain
9	27620159	27666310	0	loss
9	131785395	131802398	13	gain
10	0	230755	1	loss
10	308483	417788	20	gain
10	417788	592676	0	loss
10	592676	619395	8	gain
10	638827	663117	5	gain
10	663117	738416	1	loss
10	738416	874440	4	gain
10	874440	918162	0	loss
10	918162	947310	5	gain
10	947310	1005606	1	loss
10	1005606	1037183	7	gain
10	1037183	1061473	0	loss
10	1061473	1190210	6	gain
10	1190210	1265509	3	gain
10	1265509	1683297	6	gain
10	1683297	1707587	3	gain
10	1707587	1999067	8	gain
10	1999067	2465435	5	gain
10	2465435	2732625	1	loss
10	2732625	2752057	5	gain
10	2752057	2778776	1	loss
10	2778776	3373881	3	gain
10	3373881	3648358	4	gain
10	3648358	3660503	1	loss
10	3660503	3764950	5	gain
10	3811101	3830533	7	gain
10	3869397	3985989	6	gain
10	3985989	4129300	1	loss
10	4129300	4236176	3	gain
10	4236176	4333336	5	gain
10	4549517	4833710	6	gain
10	4833710	5127619	4	gain
10	5127619	5215063	6	gain
10	5215063	5489540	1	loss
10	5489540	5511401	6	gain
10	5914615	5926760	6	gain
10	5926760	6235243	3	gain
10	6235243	6325116	5	gain
10	6325116	6351835	1	loss
10	6351835	6451424	5	gain
10	6502433	6517007	7	gain
10	6517007	6582590	3	gain
10	6582590	6645744	6	gain
10	6883786	7024668	5	gain
10	7243278	7750939	6	gain
10	7750939	7879676	0	loss
10	7976836	8020558	1	loss
10	8020558	8025416	9	gain
10	8025416	8066709	1	loss
10	8066709	8081283	8	gain
10	8081283	8287748	0	loss
10	8287748	8547651	3	gain
10	27610443	27892207	6	gain
10	27892207	27931071	3	gain
10	63382326	63430906	3	gain
10	63430906	63498918	1	loss
10	63498918	63591220	3	gain
10	87130659	87567879	1	loss
10	105790237	105831530	5	gain
10	123721115	123815846	1	loss
10	127524929	127537074	9	gain
11	0	92302	5	gain
11	162743	378924	6	gain
11	378924	828289	3	gain
11	828289	1241219	4	gain
11	1241219	1532699	3	gain
11	1532699	1700300	7	gain
11	1700300	1773170	3	gain
11	1773170	1838753	5	gain
11	1838753	1870330	3	gain
11	1870330	1892191	7	gain
11	1892191	1984493	3	gain
11	1984493	2067079	5	gain
11	2137520	2394994	5	gain
11	2394994	2715622	3	gain
11	2715622	2999815	7	gain
11	3011960	3276721	6	gain
11	3405458	3534195	4	gain
11	3534195	3740660	3	gain
11	3740660	4012708	4	gain
11	4012708	4513082	7	gain
11	4513082	4551946	0	loss
11	4551946	5630422	8	gain
11	5666857	6252246	6	gain
11	6266820	6456282	4	gain
11	6495146	6857067	5	gain
11	6949369	6983375	6	gain
11	6983375	7104825	3	gain
11	7104825	7500752	7	gain
11	7517755	8613234	8	gain
11	8613234	8683675	4	gain
11	8683675	9174333	6	gain
11	9174333	9237487	3	gain
11	9237487	10313534	7	gain
11	10400978	10558863	4	gain
11	10558863	10690029	10	gain
11	10690029	10782331	4	gain
11	10782331	11161255	3	gain
11	68381208	68475939	4	gain
11	78964361	79100385	0	loss
11	81201470	81250050	0	loss
11	91488285	91507717	6	gain
11	107539117	107582839	4	gain
11	124590697	124617416	4	gain
12	0	89873	1	loss
12	89873	119021	5	gain
12	119021	359492	0	loss
12	359492	461510	3	gain
12	461510	519806	8	gain
12	519806	607250	1	loss
12	607250	765135	5	gain
12	993461	1027467	17	gain
12	1520554	1564276	7	gain
12	1564276	2705906	3	gain
12	2705906	2844359	5	gain
12	2844359	3446751	3	gain
12	19538876	19842501	1	loss
12	19842501	20031963	6	gain
12	20253002	20658645	5	gain
12	20658645	20804385	8	gain
12	21292614	21302330	7	gain
12	21302330	21863429	1	loss
12	21863429	22096613	4	gain
12	22261785	22562981	4	gain
12	24073819	24695643	1	loss
12	24695643	24824380	5	gain
12	25438917	25689104	1	loss
12	25689104	25723110	3	gain
12	25723110	25987871	1	loss
12	61839911	61941929	0	loss
12	105401597	105435603	6	gain
12	105503615	105574056	5	gain
12	115265766	115479518	3	gain
12	116523988	116572568	5	gain
12	116783891	116985498	4	gain
12	116985498	117245401	3	gain
12	117245401	117386283	5	gain
12	117386283	117607322	3	gain
13	0	63154	5	gain
13	247758	410501	6	gain
13	410501	803999	3	gain
13	803999	1231503	4	gain
13	1231503	1355382	8	gain
13	1355382	2113230	4	gain
13	2190958	2599030	6	gain
13	2599030	2688903	3	gain
13	2688903	3208709	8	gain
13	3354449	3556056	4	gain
13	3556056	4483934	3	gain
13	4483934	4590810	4	gain
13	4590810	5406954	3	gain
13	5406954	5591558	4	gain
13	5970482	6077358	4	gain
13	7420595	7561477	4	gain
13	7561477	8044848	3	gain
13	8044848	8227023	4	gain
13	9548399	9980761	3	gain
13	9980761	10949932	1	loss
13	30981895	31062052	0	loss
13	41567477	41805519	1	loss
13	69918765	70365701	1	loss
13	70365701	70479864	4	gain
13	71002099	71011815	9	gain
13	73768730	73834313	6	gain
13	73834313	73895038	1	loss
13	73895038	74103932	4	gain
13	74256959	74341974	5	gain
13	74599448	74720898	1	loss
13	74720898	74788910	4	gain
13	74788910	74905502	1	loss
13	74905502	75017236	6	gain
13	76292461	76387192	4	gain
13	127864989	128173472	3	gain
14	0	2399852	1	loss
14	2399852	2540734	4	gain
14	2540734	5951050	1	loss
14	5951050	6108935	3	gain
14	6223098	6657889	4	gain
14	6956656	7065961	4	gain
14	7065961	7325864	8	gain
14	7325864	7447314	3	gain
14	7447314	7750939	8	gain
14	7750939	7908824	3	gain
14	7908824	8387337	5	gain
14	8387337	8909572	3	gain
14	8909572	9089318	5	gain
14	9089318	9431807	3	gain
14	9431807	9507106	8	gain
14	9507106	9677136	4	gain
14	9677136	10170223	6	gain
14	10170223	10209087	3	gain
14	10209087	10546718	7	gain
14	10546718	10602585	3	gain
14	10602585	10758041	6	gain
14	10835769	11095672	4	gain
14	22682002	22963766	1	loss
14	23595306	23668176	4	gain
14	23668176	25259171	1	loss
14	25259171	25312609	5	gain
14	25312609	25657527	1	loss
14	25657527	25808125	3	gain
14	25808125	25834844	7	gain
14	26170046	27243664	1	loss
14	33537203	33816538	1	loss
14	50919127	51497229	1	loss
14	51497229	51650256	4	gain
14	51650256	52648575	0	loss
14	59517787	59634379	5	gain
14	59634379	59699962	3	gain
14	59699962	59743684	5	gain
14	61436697	61582437	3	gain
15	0	24290	1	loss
15	24290	34006	6	gain
15	34006	250187	1	loss
15	250187	289051	3	gain
15	289051	2288118	1	loss
15	2421713	2528589	4	gain
15	2528589	3454038	1	loss
15	3497760	3944696	0	loss
15	3944696	3959270	4	gain
15	4056430	5856319	1	loss
15	5989914	6393128	1	loss
15	6393128	6400415	6	gain
15	6480572	6558300	6	gain
15	6558300	6599593	3	gain
15	6599593	6660318	4	gain
15	6660318	7031955	7	gain
15	7031955	7141260	4	gain
15	7167979	7218988	5	gain
15	7235991	7420595	6	gain
15	7420595	7474033	3	gain
15	7474033	7546903	1	loss
15	7546903	7571193	4	gain
15	7571193	7597912	8	gain
15	7651350	7661066	5	gain
15	7821380	7850528	0	loss
15	8047277	8069138	8	gain
15	8098286	8195446	3	gain
15	8195446	8248884	7	gain
15	8248884	8270745	3	gain
15	8686104	8690962	7	gain
15	8797838	8860992	0	loss
15	69585992	69593279	5	gain
15	105569198	105571627	203	gain
16	364350	449365	0	loss
16	789425	811286	21	gain
16	811286	1027467	1	loss
16	1027467	1199926	6	gain
16	1199926	1214500	0	loss
16	1214500	1287370	6	gain
16	1287370	1474403	3	gain
16	1474403	1741593	6	gain
16	1741593	1889762	3	gain
16	1889762	1916481	6	gain
16	1916481	2001496	1	loss
16	2001496	2234680	3	gain
16	2506728	3237857	3	gain
16	3500189	3624068	4	gain
16	4061288	4607813	1	loss
16	4607813	4933299	4	gain
16	4933299	5030459	3	gain
16	5030459	5086326	7	gain
16	5142193	5555123	5	gain
16	5555123	5705721	3	gain
16	5705721	5776162	8	gain
16	5776162	6300826	4	gain
16	6300826	6541297	9	gain
16	6541297	7646492	4	gain
16	7646492	8664243	8	gain
16	8664243	8761403	3	gain
16	8761403	9086889	10	gain
16	9086889	9203481	3	gain
16	9203481	9927323	7	gain
16	9946755	10775044	10	gain
16	10818766	11744215	4	gain
16	11744215	11967683	6	gain
16	12069701	12093991	6	gain
16	12832407	12859126	6	gain
16	13068020	13182183	4	gain
16	13286630	13400793	4	gain
16	13507669	13621832	4	gain
16	13621832	13726279	1	loss
16	13726279	13840442	4	gain
16	13944889	14059052	4	gain
16	14165928	14277662	4	gain
16	14384538	14493843	4	gain
16	24479462	24741794	3	gain
17	0	19432	1	loss
17	19432	34006	6	gain
17	34006	2399852	1	loss
17	2399852	2540734	4	gain
17	2540734	3944696	1	loss
17	4056430	5858748	1	loss
17	5858748	5992343	3	gain
17	5992343	6376125	1	loss
17	6376125	8343615	3	gain
17	8343615	9011590	11	gain
17	9038309	9638272	9	gain
17	9725716	9771867	7	gain
17	9842308	10179939	5	gain
17	10306247	10920784	3	gain
17	10920784	12264021	1	loss
17	12264021	12319888	6	gain
17	15596609	15686482	5	gain
17	15686482	16089696	3	gain
17	22434244	22592129	4	gain
17	22592129	22779162	1	loss
17	22779162	22905470	4	gain
17	26578118	26813731	3	gain
17	28533463	28985257	0	loss
17	32118667	32254691	4	gain
17	32517023	32740491	0	loss
17	40819345	40940795	4	gain
17	44858772	44907352	5	gain
17	48137922	48312810	4	gain
17	84070119	84330022	1	loss
18	0	19432	1	loss
18	19432	34006	7	gain
18	34006	257474	1	loss
18	257474	291480	3	gain
18	291480	986174	1	loss
18	986174	1294657	3	gain
18	2081653	2399852	1	loss
18	2399852	2531018	4	gain
18	2531018	3077543	1	loss
18	3181990	3352020	1	loss
18	3352020	3461325	3	gain
18	3461325	3500189	6	gain
18	3500189	3947125	1	loss
18	3947125	3959270	6	gain
18	3959270	4056430	3	gain
18	4056430	4763269	1	loss
18	5414241	5506543	4	gain
18	5506543	5652283	1	loss
18	5802881	5858748	1	loss
18	5858748	5992343	4	gain
18	6453853	6480572	4	gain
18	6480572	7814093	14	gain
18	7814093	7991410	6	gain
18	7991410	8149295	3	gain
18	8423772	8508787	5	gain
18	8610805	8734684	4	gain
18	8734684	8773548	8	gain
18	8914430	9069886	1	loss
18	9069886	9147614	3	gain
18	9147614	9269064	1	loss
18	9269064	9356508	3	gain
18	9412375	9662562	6	gain
18	9662562	9694139	3	gain
18	9694139	9859311	8	gain
18	9859311	9898175	1	loss
18	9898175	9978332	3	gain
18	9978332	10131359	1	loss
18	10131359	10148362	5	gain
18	10189655	10240664	4	gain
18	10291673	10320821	5	gain
18	28132678	28152110	6	gain
19	19432	34006	7	gain
19	291480	816144	1	loss
19	816144	906017	3	gain
19	906017	986174	1	loss
19	986174	1114911	7	gain
19	1114911	1294657	5	gain
19	1294657	2042789	3	gain
19	2042789	2088940	5	gain
19	2399852	2540734	4	gain
19	2540734	3077543	1	loss
19	3077543	3164987	4	gain
19	3240286	3352020	1	loss
19	3352020	3458896	4	gain
19	3458896	3495331	7	gain
19	3495331	3917977	1	loss
19	3917977	4056430	3	gain
19	4056430	4765698	1	loss
19	5414241	5506543	5	gain
19	5506543	5652283	1	loss
19	5805310	5858748	1	loss
19	5858748	6070071	4	gain
19	6453853	6480572	4	gain
19	6480572	6796342	7	gain
19	6796342	7036813	4	gain
19	7036813	7107254	1	loss
19	7155834	7199556	6	gain
19	7240849	7301574	5	gain
19	7359870	7413308	4	gain
19	7476462	7495894	7	gain
19	7775229	7801948	0	loss
19	11875381	11894813	8	gain
19	14260659	14505988	0	loss
19	18358382	18419107	4	gain
19	18598853	18686297	3	gain
19	38613813	38864000	1	loss
19	44280670	44351111	0	loss
19	44931642	44997225	4	gain
X	0	213752	5	gain
X	213752	451794	3	gain
X	451794	599963	5	gain
X	599963	937594	23	gain
X	937594	1051757	3	gain
X	1051757	1146488	1	loss
X	1146488	1287370	5	gain
X	1287370	1678439	1	loss
X	1678439	1824179	4	gain
X	1889762	2582027	8	gain
X	2582027	2696190	4	gain
X	3998134	4129300	1	loss
X	4129300	4406206	3	gain
X	4406206	4513082	4	gain
X	4513082	4877432	3	gain
X	4877432	5416670	5	gain
X	5416670	6045781	3	gain
X	6045781	6220669	1	loss
X	6220669	6684608	7	gain
X	7005236	7080535	5	gain
X	7080535	7508039	3	gain
X	7508039	7758226	5	gain
X	7758226	8139579	1	loss
X	8139579	8190588	4	gain
X	8724968	9312786	5	gain
X	9701426	9944326	3	gain
X	9944326	10063347	5	gain
X	10063347	10371830	4	gain
X	10432555	10716748	4	gain
X	29900990	31586716	0	loss
X	32079803	32354280	0	loss
X	36527302	36794492	4	gain
X	38548230	38786272	1	loss
X	56182770	56255640	5	gain
X	95957645	96130104	1	loss
X	124138903	124228776	0	loss
X	124228776	124702431	3	gain
X	124702431	124923470	6	gain
X	124923470	125176086	3	gain
X	125469995	125904786	1	loss
X	147855659	148489628	1	loss
X	148489628	148798111	4	gain
X	148798111	149432080	1	loss
X	149432080	149876587	3	gain
X	169825964	170983574	1	loss
